,Length,Width,Height,Weight
0,3.6585,1.76,1.4875,1082.5
1,3.6585,1.76,1.4875,1052.5
2,3.6585,1.76,1.485,1033.5
3,4.0495,1.74,1.233,1070.0
4,3.657,1.627,1.485,1040.0
5,3.657,1.893,1.485,1085.0
6,3.6585,1.637,1.485,1062.5
7,4.041,1.721,1.49,1185.0
8,4.065,1.967,1.478,1185.0
12,2.865,1.44,1.88,400.0
14,2.897,1.474,1.45,380.0
16,3.02,1.487,1.54,380.0
19,3.989,2.09,1.183,914.5
20,4.6445,2.024,1.4235,1524.5
21,4.351,1.798,1.465,1345.0
22,4.6945,2.033,1.6565,1717.0
23,4.077,1.8335,1.4285,1190.0
24,4.173,1.8335,1.423,1225.0
25,4.1965,1.729,1.442,1250.0
26,4.213,1.764,1.442,1360.0
27,4.444,1.754,1.425,1285.0
28,4.4355,1.7285,1.423,1300.0
29,4.4355,1.749,1.4225,1342.5
30,4.43,1.745,1.43,1435.0
31,4.66,1.828,1.4195,1515.0
32,4.66,1.828,1.4195,1565.0
33,4.61,1.756,1.39,1455.0
34,4.72,1.765,1.416,1485.0
37,3.989,2.09,1.183,940.0
42,4.41,1.83,1.341,1527.5
44,4.489,1.763,1.3605,1350.0
45,4.292,1.778,1.318,1392.5
47,4.063,1.72,1.446,1102.5
48,4.393,1.83,1.318,1587.5
49,4.292,1.778,1.315,1420.0
52,4.18,1.98,1.25,1110.5
55,4.7445,2.06,1.2845,1815.0
56,4.75,2.06,1.3,1870.0
57,4.715,2.145,1.295,1945.0
58,4.715,2.145,1.295,1870.0
59,5.039,2.22,1.68,2245.0
60,5.019,2.14,1.355,1970.0
61,4.711,2.0685,1.2945,1794.0
62,4.464,2.051,1.271,1652.5
64,3.078,1.68,1.5,988.0
65,4.669,1.83,1.2405,1813.5
66,4.669,1.83,1.2675,1885.0
67,4.7085,2.039,1.276,1825.0
68,4.721,2.06,1.28,1752.5
69,4.745,1.918,1.32,1950.0
70,4.945,1.918,1.38,2050.0
72,4.665,1.998,1.318,1847.5
73,4.3865,2.046,1.2555,1641.5
74,4.745,1.944,1.32,1990.0
76,4.703,2.061,1.2855,1837.5
77,4.747,1.899,1.33,1990.0
79,4.029,1.94,1.409,1182.5
81,4.347,1.984,1.4225,1390.0
82,4.426,1.8765,1.3985,1537.5
83,4.4995,1.984,1.42,1365.0
84,4.748,2.022,1.4175,1557.5
85,4.7535,2.022,1.419,1602.5
87,4.728,2.029,1.3695,1587.5
88,4.685,2.029,1.3775,1705.0
89,4.758,2.029,1.385,1620.0
90,4.9435,2.098,1.4515,1822.5
91,4.967,2.098,1.461,1887.5
100,4.495,2.023,1.567,1582.5
101,4.5035,2.023,1.567,1575.0
106,4.4275,2.037,1.24,1620.0
107,4.4275,2.037,1.243,1715.0
108,4.189,1.966,1.348,1330.0
109,4.189,1.966,1.35,1420.0
122,3.9645,1.906,1.4165,1175.0
123,3.9645,1.906,1.4225,1200.0
124,3.975,1.906,1.42,1327.5
125,3.826,1.673,1.553,962.5
126,4.286,1.966,1.3355,1367.5
127,4.4675,1.96,1.404,1360.0
128,4.2445,1.966,1.4125,1290.0
129,4.3615,1.963,1.396,1512.5
130,4.343,1.966,1.411,1520.0
131,4.289,1.977,1.423,1395.0
132,4.238,2.0135,1.424,1412.5
133,4.258,1.977,1.4005,1485.0
134,4.2205,1.977,1.421,1355.0
135,4.302,2.023,1.402,1650.0
136,4.1585,1.8325,1.421,1185.0
137,4.702,2.023,1.427,1570.0
138,4.701,2.023,1.436,1605.0
140,4.708,2.023,1.421,1705.0
141,4.719,2.04,1.416,1795.0
142,4.573,1.777,1.391,1717.5
144,4.572,1.815,1.403,1747.5
145,4.5935,1.772,1.412,1502.5
146,4.573,1.7775,1.391,1717.5
147,4.561,1.7735,1.4215,1500.0
148,4.5595,1.8515,1.434,1552.5
149,4.4805,1.7905,1.4055,1600.0
150,4.485,1.889,1.418,1402.5
151,4.6255,2.02,1.383,1755.0
152,4.6765,2.0005,1.3755,1760.0
153,4.6255,2.0005,1.372,1545.0
154,4.7115,2.02,1.391,1695.0
155,4.649,2.02,1.373,1817.5
156,4.924,2.086,1.455,1732.5
157,4.9345,2.086,1.461,1797.5
158,4.939,2.085,1.482,1905.0
159,4.937,2.086,1.4505,1927.5
160,4.979,2.086,1.461,1942.5
161,4.9215,2.021,1.459,1652.5
163,4.927,1.947,1.4455,1940.0
164,4.934,1.946,1.446,1820.0
165,4.928,2.051,1.456,2005.0
166,4.81,1.932,1.526,1825.0
167,3.327,1.901,1.4395,1617.5
168,4.824,1.901,1.452,1860.0
171,4.9745,2.139,1.414,1825.0
172,4.98,2.139,1.408,1950.0
173,5.012,2.139,1.419,1925.0
174,5.201,2.111,1.4655,1945.0
175,5.1465,2.111,1.458,1982.5
176,5.1215,2.0485,1.4495,1832.5
177,5.062,1.983,1.434,1940.0
178,5.099,1.9435,1.429,1675.0
179,4.367,1.8035,1.379,1402.5
183,4.3865,2.019,1.608,1505.0
184,4.4105,2.019,1.58,1655.0
186,4.629,2.089,1.653,1787.5
189,4.4325,2.029,1.2505,1602.5
190,4.4325,2.029,1.244,1702.5
191,4.435,2.029,1.252,1525.0
192,4.434,2.029,1.244,1640.0
193,4.188,1.952,1.3485,1345.0
194,4.188,1.952,1.354,1390.0
195,4.198,1.952,1.345,1492.5
196,4.041,1.81,1.3445,1400.0
197,4.041,1.81,1.3485,1455.0
204,5.1325,2.223,1.7245,2507.5
205,4.85,2.187,1.405,2204.5
206,4.85,2.187,1.399,2374.5
207,5.316,2.22,1.483,2383.5
208,5.7,2.208,1.531,2657.5
209,5.515,2.041,1.515,2481.0
210,5.2955,1.9765,1.477,2572.5
211,5.286,2.058,1.464,2530.0
212,5.411,2.078,1.473,2655.0
213,5.3205,2.058,1.485,2430.0
215,5.29,2.118,1.47,2475.0
216,4.812,2.2265,1.3965,2475.0
217,4.812,2.2265,1.3975,2257.5
218,4.806,2.227,1.3935,2495.0
219,4.804,2.194,1.393,2440.0
220,4.8055,2.148,1.385,2295.0
223,5.299,2.208,1.488,2446.0
225,5.3515,2.058,1.485,2470.0
226,4.319,2.081,1.434,1407.5
227,4.45,1.987,1.413,1457.5
228,4.348,2.038,1.5555,1502.5
229,4.547,2.0595,1.516,1510.0
230,4.443,1.984,1.408,1565.0
231,4.526,2.081,1.42,1460.0
232,4.7515,2.068,1.439,1632.5
233,4.711,2.068,1.4425,1730.0
234,4.824,2.047,1.508,1660.0
235,4.781,2.081,1.388,1632.5
236,4.639,2.017,1.3965,1615.0
237,4.769,2.081,1.389,1790.0
238,4.9595,2.126,1.476,1742.5
239,4.9525,2.126,1.498,1800.0
240,5.091,2.158,1.539,1800.0
241,5.179,2.169,1.473,1972.5
242,4.855,2.137,1.3515,1820.0
243,4.855,2.137,1.346,1940.0
244,5.086,2.137,1.4105,1905.0
245,4.005,2.039,1.588,1290.0
246,4.689,2.218,1.294,1510.0
247,4.689,2.218,1.289,1595.0
248,4.443,2.06,1.59,1572.5
249,4.36,2.098,1.519,1565.0
250,4.8215,2.175,1.6825,1895.0
251,4.7455,2.138,1.6205,1895.0
252,4.93,2.218,1.746,2247.5
253,4.938,2.212,1.694,2175.0
254,5.151,2.218,1.805,2405.0
255,4.324,2.024,1.304,1487.5
256,4.284,1.959,1.416,1362.5
257,4.36,1.9265,1.4155,1395.0
258,4.36,1.9265,1.4015,1515.0
259,4.233,1.9335,1.4255,1332.5
260,4.38,1.932,1.42,1495.0
261,4.468,1.984,1.41,1507.5
262,4.648,2.034,1.425,1525.0
263,4.6285,2.031,1.425,1592.5
264,4.671,2.037,1.424,1552.5
265,4.596,1.782,1.384,1680.0
266,4.596,1.782,1.385,1465.0
267,4.5975,1.8105,1.4195,1705.0
268,4.5235,1.817,1.418,1537.5
269,4.5255,1.817,1.4135,1465.0
270,4.488,1.757,1.369,1437.5
271,4.488,1.852,1.372,1602.5
272,4.492,1.78,1.374,1477.5
273,4.492,1.924,1.37,1655.0
274,4.4795,1.8355,1.415,1495.0
275,4.4785,1.8355,1.2745,1570.0
276,4.262,1.846,1.408,1402.5
277,4.21,1.808,1.3855,1282.5
278,4.439,1.7055,1.34,1625.0
279,4.439,1.7055,1.348,1492.5
280,4.439,1.808,1.391,1437.5
281,4.439,1.704,1.366,1370.0
282,4.433,1.71,1.3375,1732.5
283,4.356,1.815,1.404,1580.0
284,4.433,1.704,1.35,1732.5
289,4.6635,2.0155,1.3845,1562.5
290,4.6545,2.0155,1.3915,1777.5
291,4.671,2.014,1.3845,1692.5
292,5.001,2.0205,1.559,1972.5
293,4.903,1.981,1.4695,1722.5
294,4.907,1.981,1.4685,1815.0
295,4.91,2.005,1.452,1870.0
296,4.841,1.846,1.468,1565.0
297,4.824,1.915,1.468,1660.0
298,4.855,2.036,1.468,1855.0
299,4.7645,1.842,1.44,1712.5
300,4.754,1.8665,1.436,1640.0
301,4.72,1.751,1.417,1660.0
304,4.894,1.992,1.365,1880.0
305,4.9505,1.992,1.3805,1747.5
306,4.898,2.106,1.368,1980.0
307,5.017,2.106,1.394,1910.0
308,5.007,2.0855,1.392,1807.5
309,4.898,2.106,1.374,1850.0
310,4.82,1.855,1.3735,1575.0
311,4.82,1.855,1.3735,1785.0
312,4.871,1.855,1.3745,1820.0
314,5.1455,2.022,1.4815,2000.0
315,5.104,2.0175,1.488,1985.0
316,5.054,1.9625,1.435,1947.5
319,4.7645,1.8695,1.34,1895.0
320,4.8185,1.915,1.449,1760.0
321,4.7275,1.8385,1.4705,1770.0
322,4.6015,1.8835,1.395,1520.0
323,4.58,1.782,1.395,1770.0
324,4.6585,1.9915,1.369,1600.0
325,4.46,1.8965,1.333,1625.0
326,4.82,1.966,1.436,1765.0
327,4.6605,1.9155,1.4045,1672.5
328,4.4655,2.051,1.545,1532.5
329,4.6525,1.985,1.668,1760.0
330,4.567,1.92,1.674,1765.0
331,4.671,2.089,1.624,1795.0
332,4.889,2.184,1.7395,2162.5
333,4.854,1.9715,1.77,2152.5
334,4.667,2.026,1.7235,2097.5
335,4.9145,2.1695,1.6955,2165.0
336,4.8765,2.089,1.687,2187.5
338,4.0375,1.775,1.283,1362.5
339,4.025,1.795,1.2835,1450.0
340,4.2415,1.79,1.2875,1460.0
341,4.091,1.781,1.299,1280.0
342,4.091,1.781,1.268,1335.0
343,4.113,1.781,1.2945,1415.0
344,4.4,1.83,1.317,1690.0
345,4.6735,1.9395,1.4245,1735.0
346,4.674,1.9395,1.424,1807.5
347,4.767,1.935,1.374,1780.0
348,4.64,1.935,1.38,1877.5
349,4.967,1.997,1.466,1997.5
350,4.967,1.993,1.466,2100.0
351,5.259,1.902,1.491,2082.5
352,4.6735,1.9395,1.434,1730.0
353,4.6735,1.9395,1.433,1795.0
354,4.9675,2.126,1.667,1907.5
355,5.151,2.218,1.797,2655.0
356,4.732,2.138,1.665,2015.0
357,4.906,1.86,1.469,1967.5
358,4.894,1.894,1.372,2057.5
359,4.894,1.894,1.377,1870.0
360,4.64,2.045,1.373,1660.0
361,4.64,2.045,1.38,1890.0
362,4.905,1.86,1.469,1865.0
363,4.913,1.86,1.453,1965.0
364,4.647,1.901,1.67,1910.0
365,4.528,1.873,1.441,1749.5
366,4.674,1.752,1.118,1395.0
367,4.42,1.795,1.345,1540.0
368,4.698,2.038,1.507,1542.5
369,4.716,2.038,1.543,1575.0
370,4.86,1.842,1.464,1786.5
371,4.828,1.795,1.441,1715.0
372,5.1015,2.006,1.887,2579.5
373,4.991,1.897,1.428,1857.0
374,4.95,1.845,1.685,2023.5
375,4.985,1.843,1.464,1823.0
376,4.513,1.837,1.279,1654.0
377,3.315,1.63,0.97,517.5
378,4.039,1.753,1.517,1124.5
379,3.92,1.68,1.505,1052.5
380,4.639,1.7495,1.606,1915.0
381,4.837,1.917,1.36,1782.0
382,4.837,1.917,1.379,1905.0
383,4.908,1.883,1.3125,1619.0
384,4.908,1.883,1.3125,1651.0
385,4.654,2.0695,1.7235,1779.0
386,4.563,1.8695,1.2125,1538.0
387,4.558,1.8695,1.2125,1538.0
388,4.5565,1.7925,1.477,1407.5
390,4.597,1.788,1.477,1370.0
391,4.805,1.81,1.45,1515.0
392,3.88,1.99,1.495,1010.0
393,4.305,1.855,1.445,1187.5
394,4.58,1.855,1.455,1277.5
395,4.5,1.725,1.445,1207.5
396,3.495,1.495,1.5,785.0
397,3.495,1.495,1.485,796.0
398,4.652,1.836,1.633,1593.5
399,3.6175,1.597,1.5365,864.0
400,4.35,1.755,1.58,1296.5
402,4.498,2.126,1.439,1732.0
403,5.066,1.902,1.488,2117.0
404,5.015,1.88,1.4685,1907.5
405,5.015,1.88,1.475,1967.5
406,5.015,1.88,1.462,2032.5
407,4.069,1.766,1.296,1473.5
408,4.069,1.766,1.315,1512.5
409,4.52,1.797,1.497,1450.0
410,4.488,1.924,1.195,1532.0
411,5.1805,1.9535,1.783,2267.5
412,5.095,1.997,1.749,2117.5
413,5.07,1.95,1.7645,1965.0
414,4.39,1.733,1.421,1285.0
415,4.364,1.714,1.369,1152.5
416,4.288,1.726,1.601,1604.0
417,4.288,1.726,1.539,1610.0
418,4.85,1.843,1.497,1595.0
421,4.9485,1.997,1.749,2017.5
422,4.733,1.95,1.7645,1877.5
423,3.842,1.874,1.52,1007.5
425,3.4655,1.884,1.46,860.5
426,3.996,1.878,1.474,1033.0
427,4.1545,1.765,1.637,1160.5
428,4.355,2.032,1.525,1285.5
429,4.1695,1.979,1.48,1094.0
430,4.5,2.099,1.67,1587.0
431,4.355,2.032,1.525,1541.0
432,4.959,2.204,1.89,1953.0
433,4.602,2.117,1.638,1428.5
434,4.9575,2.204,1.8975,1756.0
437,4.1225,1.8395,1.82,1218.0
438,4.382,1.81,1.857,1535.5
441,3.4375,1.63,1.465,840.0
442,3.666,1.659,1.461,1008.0
443,3.666,1.659,1.461,1039.0
444,3.666,1.659,1.461,1055.0
445,3.941,1.861,1.531,1126.5
446,3.6475,1.6535,1.493,944.0
447,4.078,1.89,1.6275,1360.0
448,3.934,1.7,1.561,1170.5
449,3.85,1.687,1.519,1066.0
450,4.329,1.789,1.49,1350.5
451,4.2675,1.771,1.458,1321.5
452,4.281,1.769,1.458,1280.0
453,4.157,1.946,1.48,1025.0
454,4.433,2.117,1.6175,1343.5
455,4.47,2.1,1.68,1569.5
456,4.438,2.117,1.61,1398.5
457,4.779,1.9745,1.457,1618.5
458,4.829,2.096,1.477,1716.0
459,4.745,1.78,1.4755,1492.5
460,4.839,1.78,1.511,1528.0
461,4.618,1.77,1.476,1405.0
462,4.756,1.77,1.516,1462.5
463,4.908,1.86,1.464,1844.5
464,4.7265,2.194,1.752,1715.0
465,4.645,1.805,1.67,1757.5
468,3.475,1.475,1.6,1120.0
469,4.959,2.204,1.8975,1622.5
470,4.97,2.194,1.942,1889.0
471,3.948,1.715,1.4705,1087.5
472,3.955,1.994,1.463,1180.0
474,4.275,1.931,1.523,1450.0
475,4.53,1.9995,1.539,1721.5
476,4.5995,2.117,1.647,1377.0
477,4.59,2.1,1.68,1610.5
478,3.959,2.019,1.721,1137.5
479,3.7275,1.6075,1.375,870.0
480,4.454,1.818,1.7155,1552.5
483,4.484,1.8645,1.4,1333.0
484,4.686,1.7205,1.41,1384.5
485,4.7035,1.7985,1.385,1524.5
486,4.831,1.7985,1.467,1579.5
487,4.188,1.84,1.405,1181.5
488,4.369,1.975,1.42,1229.0
489,4.188,1.975,1.405,1176.5
490,4.167,1.7025,1.403,1097.5
491,4.354,1.8365,1.42,1410.0
492,4.167,1.8365,1.3845,1110.0
493,4.273,1.7505,1.6335,1283.0
494,4.077,1.858,1.4,1018.5
495,4.26,1.71,1.45,1085.0
499,4.8065,1.9875,1.4365,1590.0
502,4.447,1.8855,1.246,1463.0
503,4.435,1.844,1.246,1488.5
504,4.493,1.877,1.241,1564.0
505,4.385,1.841,1.6,1583.0
506,4.45,1.839,1.5155,1465.5
507,4.398,1.799,1.467,1596.0
508,4.657,1.799,1.463,1642.0
509,4.341,2.052,1.627,1292.0
510,4.4965,1.994,1.52,1085.5
511,4.528,1.994,1.559,1160.0
512,4.088,2.007,1.499,1072.0
513,4.099,2.007,1.535,1115.5
514,4.315,2.0,1.625,1241.5
517,4.0635,1.994,1.5185,1031.5
518,4.085,1.994,1.577,1060.0
519,4.615,1.718,1.388,1149.0
520,3.88,1.67,1.495,1005.0
521,4.33,1.841,1.84,1810.0
522,4.295,1.725,1.445,1177.5
523,4.074,1.678,1.432,1041.0
524,4.237,1.678,1.432,1074.0
525,4.671,1.799,1.437,1330.5
526,3.496,1.495,1.485,825.0
527,4.656,1.864,1.735,1870.0
528,4.256,1.662,1.393,1072.5
529,4.482,1.662,1.393,1075.5
530,4.5,1.725,1.445,1207.5
531,4.481,1.7,1.4275,1188.0
532,4.55,1.7,1.43,1300.0
533,4.35,1.755,1.605,1371.5
535,3.41,1.475,1.5,732.5
540,3.4175,1.475,1.245,840.0
541,3.3525,1.435,1.4425,690.0
543,3.9365,1.677,1.8875,1640.0
545,4.075,1.64,1.59,1005.0
546,3.8,1.69,1.635,1042.5
548,3.31,1.395,1.695,750.0
549,3.615,1.665,1.55,935.0
550,3.82,1.595,1.44,855.0
551,3.734,1.6045,1.72,1257.5
553,4.065,1.977,1.69,1180.0
554,3.845,1.555,1.695,1052.5
555,3.765,1.62,1.55,920.0
556,5.215,2.108,1.448,1665.0
557,5.0635,1.9365,1.3235,1852.5
559,5.216,2.104,1.463,1665.0
562,4.68,2.0,1.715,1510.0
563,4.85,1.843,1.497,1595.0
564,4.415,1.8,1.535,1510.0
565,4.888,1.878,1.718,1925.5
566,4.584,1.856,1.773,1982.5
569,4.459,1.911,1.21,1546.0
570,4.118,1.8895,1.5285,1187.5
571,4.118,1.988,1.534,1523.0
572,4.5715,1.9965,1.62,1621.5
573,4.573,2.098,1.62,1792.5
574,3.948,1.715,1.483,1074.5
575,3.948,1.715,1.483,1116.0
576,4.2795,1.931,1.51,1337.5
577,4.284,1.81,1.516,1337.5
578,4.53,2.128,1.539,1544.0
579,5.9875,1.9005,1.6435,2100.0
580,5.9875,1.9005,1.4885,2100.0
581,4.215,2.13,1.17,1051.0
582,3.7,1.66,1.25,970.0
583,4.568,1.952,1.213,1475.0
584,4.657,1.971,1.276,1525.0
585,4.922,1.98,1.383,1892.5
591,4.477,1.922,1.2065,1285.0
592,4.477,1.922,1.235,1450.0
595,4.7465,1.92,1.3,1730.0
596,4.549,1.944,1.208,1395.0
598,4.568,1.952,1.211,1525.0
600,4.55,1.935,1.277,1690.0
601,4.55,1.935,1.277,1790.0
602,4.55,1.935,1.277,1730.0
603,4.665,1.962,1.336,1580.0
604,4.902,1.957,1.344,1840.0
605,4.563,1.902,1.308,1705.0
606,4.57,1.91,1.322,1625.0
607,4.702,2.035,1.147,1365.0
608,4.618,1.942,1.273,1630.0
612,4.512,1.923,1.2065,1450.0
613,4.512,1.923,1.234,1520.0
616,4.907,1.953,1.379,1880.0
620,3.5585,1.76,1.488,932.5
621,3.5585,1.76,1.488,942.5
622,3.632,1.7915,1.527,1365.0
623,3.632,1.9,1.527,1405.0
624,4.2115,2.027,1.6685,1317.5
625,4.3255,2.018,1.679,1345.0
626,4.2605,2.025,1.6015,1385.0
627,3.679,1.882,1.604,1052.5
628,3.6955,1.882,1.631,1107.5
629,3.964,1.716,1.745,1252.5
630,4.368,1.667,1.495,1367.5
631,4.571,1.667,1.514,1377.5
632,4.532,1.792,1.497,1150.0
633,4.386,1.542,1.556,1335.0
634,4.054,1.74,1.233,1060.0
637,4.375,2.018,1.667,1360.0
638,4.352,2.018,1.667,1352.5
639,3.9005,1.64,1.26,1060.0
640,4.187,1.741,1.4105,1117.5
641,4.336,1.792,1.494,1282.5
642,4.106,1.748,1.414,1100.0
643,3.226,1.4925,1.435,722.5
644,4.2205,1.8735,1.34,1290.0
645,4.756,1.775,1.597,1540.0
647,4.573,1.832,1.985,1470.0
648,4.206,1.718,1.9365,1325.0
649,3.9635,1.716,1.762,1172.5
650,4.03,1.687,1.49,1117.5
651,3.93,1.678,1.66,1177.5
652,4.44,1.7405,1.465,1215.0
653,4.4885,1.7405,1.465,1270.0
654,4.042,1.8705,1.695,1372.5
655,3.538,1.5835,1.54,887.5
656,3.5775,1.608,1.6375,1035.0
657,3.578,1.606,1.522,975.0
659,4.065,1.687,1.49,1085.0
660,3.8525,1.66,1.48,967.5
661,3.8175,1.66,1.48,957.5
662,3.765,1.6225,1.453,955.0
663,3.77,1.6225,1.448,1042.5
664,4.065,1.687,1.49,1102.5
667,4.97,1.9405,1.937,1875.5
668,4.97,1.9405,1.937,1837.5
669,4.115,1.755,1.6125,1245.0
670,3.328,1.508,1.426,747.5
671,4.2165,1.77,1.5,1205.0
672,4.516,1.756,1.57,1352.5
678,4.719,1.863,1.752,1714.0
679,4.452,1.83,1.71,1590.0
682,4.126,2.057,1.643,1253.5
684,4.209,1.96,1.4725,1242.0
685,4.068,1.941,1.469,1271.0
690,4.848,2.137,1.747,1788.5
691,4.818,2.137,1.8425,1615.0
692,4.5365,2.0815,1.695,1605.5
693,4.6215,2.178,1.704,1558.0
694,4.871,2.121,1.482,1558.5
695,4.871,2.121,1.482,1630.0
696,4.869,2.121,1.4915,1576.0
697,4.784,2.08,1.381,1704.5
698,4.784,2.08,1.394,1766.5
700,4.206,1.93,1.5345,1281.5
701,4.796,2.137,1.655,1652.0
702,4.418,2.137,1.852,1541.5
704,4.157,2.112,1.77,1347.0
706,4.077,2.067,1.604,1255.0
708,4.3795,2.067,1.618,1424.5
709,4.699,2.032,1.326,1334.5
710,4.165,1.841,1.346,1321.0
711,4.3685,1.7755,1.359,1144.0
712,4.2555,1.7775,1.346,1127.5
713,4.127,1.7755,1.346,1185.0
719,4.813,2.057,1.801,2080.0
720,4.04,1.941,1.476,1185.0
721,3.966,1.8365,1.481,1074.0
722,3.9785,1.978,1.495,1088.0
723,3.92,1.7585,1.4425,1110.0
724,3.9215,1.9085,1.468,1151.0
725,3.828,1.7135,1.32,984.5
726,3.828,1.793,1.32,993.5
727,3.7715,1.6965,1.376,897.5
729,4.374,2.01,1.4725,1444.5
730,4.556,2.01,1.482,1380.5
731,4.462,2.01,1.484,1446.5
732,4.3395,2.005,1.4985,1331.5
733,4.47,2.005,1.501,1375.5
734,4.3495,2.005,1.4985,1377.0
735,4.402,2.02,1.484,1467.0
736,4.509,1.991,1.448,1551.0
737,4.4845,2.005,1.497,1370.0
738,4.163,1.998,1.43,1188.5
739,4.372,1.998,1.4295,1204.5
740,4.446,1.998,1.447,1234.0
742,4.3525,1.924,1.5915,1448.5
743,4.0165,1.956,1.523,1167.0
744,4.8335,2.1455,1.7245,1819.0
745,4.641,2.142,1.731,1696.5
746,4.607,2.1375,1.73,1756.5
752,4.5195,2.067,1.663,1526.0
753,3.929,1.911,1.521,1013.0
755,3.6215,1.894,1.507,941.0
756,3.635,1.827,1.3995,903.0
759,4.3645,1.9855,1.8275,1747.5
760,4.789,2.085,1.5,1520.0
761,4.844,2.085,1.512,1535.0
762,4.811,2.078,1.5,1513.5
763,4.731,1.9445,1.429,1471.0
764,4.6435,1.9415,1.4155,1461.5
765,4.804,1.9445,1.461,1524.5
766,4.513,1.8385,1.372,1557.0
767,4.513,1.8385,1.372,1292.5
768,4.5705,1.8385,1.391,1356.0
771,4.585,1.78,1.3125,1247.5
772,3.984,1.837,1.3295,1036.5
773,4.825,1.875,1.363,1572.0
774,4.826,1.875,1.442,1621.5
778,4.7845,2.154,1.635,1753.5
779,3.65,1.696,1.332,1137.5
784,4.5375,2.076,1.434,1304.5
785,4.648,2.075,1.416,1303.0
786,4.6015,2.147,1.684,1586.5
787,3.894,1.752,1.512,1516.5
788,4.32,2.019,1.605,1334.5
789,4.044,1.694,1.526,1302.0
790,4.09,1.725,1.556,1325.0
791,4.487,2.217,1.204,1776.0
792,4.7255,1.975,1.44,1600.5
793,4.745,1.975,1.455,1662.5
794,4.667,1.889,1.445,1442.0
795,4.75,2.018,1.4825,1546.0
796,4.595,1.8565,1.505,1436.5
797,4.595,1.8565,1.505,1393.0
799,4.64,1.7325,1.405,1342.0
800,4.77,1.78,1.425,1375.0
801,4.675,1.78,1.39,1328.0
808,4.5625,2.065,1.48,1311.0
809,4.335,2.065,1.47,1277.0
810,4.39,2.065,1.466,1382.0
811,4.2605,2.046,1.46,1324.0
812,4.545,2.012,1.43,1297.0
813,4.273,2.046,1.445,1312.0
814,4.2125,1.8415,1.435,1206.0
815,4.14,1.8375,1.43,1204.0
816,4.46,1.8265,1.4325,1191.5
817,4.438,1.921,1.399,1174.5
818,3.648,1.695,1.52,1112.0
819,4.425,1.695,1.465,1230.5
820,4.46,1.695,1.375,1235.0
821,4.46,1.695,1.39,1178.0
822,4.2495,1.8505,1.345,1002.5
824,4.412,1.8,1.375,1057.5
830,2.766,1.6955,1.395,1077.5
832,4.5875,2.095,1.685,1584.0
833,4.552,2.091,1.675,1653.5
834,4.5725,1.9,1.6925,1558.0
836,4.005,1.695,1.255,1085.0
838,4.0775,2.013,1.395,1178.5
839,4.285,2.113,1.61,1490.5
840,4.01,1.845,1.685,1241.5
841,4.3955,2.0295,1.43,1222.0
842,3.945,1.695,1.355,850.0
844,4.4,1.705,1.335,1140.0
845,4.023,1.98,1.55,1095.0
846,3.9,2.029,1.525,1104.5
847,3.8425,1.878,1.525,1039.5
848,4.957,2.12,1.45,1871.0
849,4.9725,1.815,1.42,1670.0
850,4.885,1.81,1.37,1600.0
853,3.784,1.889,1.5265,962.5
854,4.425,1.81,1.17,1420.0
855,4.425,1.81,1.17,1450.0
856,4.545,1.75,1.315,1293.0
859,4.135,1.75,1.2775,1265.5
860,4.742,1.771,1.64,1546.5
861,4.5725,1.924,1.59,1408.0
862,4.995,2.063,1.993,2850.0
863,4.782,1.989,1.872,2212.5
864,3.6725,1.68,1.4815,972.5
865,4.04,1.775,1.45,1102.5
866,4.3375,1.917,1.451,1311.5
867,4.585,2.039,1.465,1305.5
868,4.3975,1.917,1.4385,1272.0
869,4.455,1.795,1.419,1429.0
870,4.7725,1.954,1.47,1545.0
871,4.7425,1.954,1.47,1513.5
872,4.47,2.045,1.45,1428.0
873,4.47,2.045,1.4625,1473.5
874,4.19,2.07,1.5625,1307.5
875,4.18,2.07,1.57,1610.0
877,4.475,1.9575,1.6475,1537.0
878,4.5,1.865,1.652,1494.5
879,4.045,1.695,1.47,1257.0
880,4.2075,1.675,1.4,1132.0
881,4.26,1.68,1.395,1045.0
882,4.103,1.62,1.394,972.5
883,4.103,1.62,1.394,967.5
885,3.565,1.525,1.57,915.0
886,3.495,1.495,1.58,852.5
887,3.495,1.495,1.615,816.5
888,4.395,1.76,1.33,1345.0
889,4.3425,1.73,1.303,1239.0
890,4.495,1.72,1.425,1267.5
891,4.495,1.72,1.425,1209.5
892,4.99,1.89,1.48,1890.0
893,3.8175,1.7225,1.4925,1091.5
894,4.895,1.865,1.49,1713.0
895,3.665,1.8015,1.5,947.0
896,3.565,1.595,1.54,993.0
897,4.04,1.805,1.4615,1130.0
898,4.035,1.88,1.474,1065.0
899,4.045,1.73,1.449,1130.0
900,3.9675,1.71,1.49,1152.5
901,4.3,1.78,1.4675,1380.5
902,4.485,1.78,1.4975,1426.5
903,4.3,1.78,1.47,1387.0
905,4.2625,1.775,1.48,1376.0
906,5.1375,1.92,1.925,2244.5
907,4.11,1.765,1.6,1280.0
909,4.435,1.701,1.425,1259.5
910,4.46,1.702,1.46,1329.0
912,4.0425,1.74,1.635,1320.0
917,4.695,1.88,1.6775,1949.5
918,4.6675,1.89,1.76,1908.5
919,4.5,2.01,1.7025,1730.5
921,4.8,1.832,1.475,1576.5
922,4.747,1.82,1.422,1580.0
923,4.71,1.818,1.41,1414.5
924,4.6865,1.761,1.405,1385.0
927,4.7,1.86,1.84,2260.0
928,4.695,1.84,1.76,1812.5
929,4.325,1.83,1.68,1660.5
930,4.235,1.7975,1.399,1274.5
931,4.865,1.825,1.42,1633.0
932,4.425,2.083,1.485,1525.5
933,4.8,1.9525,1.44,1765.5
934,4.425,2.083,1.5225,1580.0
935,4.64,2.043,1.575,1930.5
936,4.865,2.134,1.68,1910.0
937,4.6575,2.007,1.3935,1712.5
938,4.66,2.007,1.3955,1893.0
939,4.7775,1.997,1.4585,1500.5
940,4.9625,2.0785,1.4965,1817.5
941,4.69,2.052,1.395,1806.0
942,4.4,2.134,1.225,1100.0
944,4.4625,1.79,1.8375,1983.0
946,4.403,2.088,1.6485,1899.0
947,4.7465,2.175,1.661,1889.5
948,4.4945,1.9825,1.298,1651.5
949,4.476,2.042,1.311,1631.5
951,4.6925,2.075,1.423,1590.0
952,4.958,2.0895,1.4565,1699.0
953,4.818,2.083,1.456,1673.0
954,4.47,2.042,1.314,1690.0
955,4.47,2.042,1.311,1705.0
956,4.883,2.05,1.435,1725.0
957,4.961,2.065,1.46,1812.5
958,4.961,2.053,1.46,1883.0
959,4.9635,2.065,1.47,1977.0
960,4.966,2.077,1.48,1852.0
961,5.1885,2.1075,1.454,1835.0
962,5.126,2.1075,1.454,1875.0
963,5.1525,2.108,1.448,1602.0
964,5.09,2.108,1.448,1659.0
965,5.076,1.9365,1.32,1842.5
968,4.848,1.843,1.241,1705.0
969,4.848,1.843,1.241,1830.0
971,4.7925,2.049,1.322,1674.0
972,4.7925,2.049,1.329,1717.5
973,4.7925,2.049,1.3255,1732.5
974,4.799,2.028,1.317,1753.0
975,4.804,2.028,1.329,1800.0
976,4.768,2.015,1.296,1675.0
977,4.768,2.015,1.301,1727.5
978,4.672,1.896,1.392,1522.5
980,4.394,2.033,1.631,1620.0
981,4.8485,1.9485,1.7755,2401.5
982,4.236,1.805,1.6925,1545.0
983,4.5525,1.8835,1.861,1993.0
984,4.6245,1.8815,1.6955,1857.0
985,4.493,1.839,1.797,1982.5
986,4.496,1.819,1.8415,1998.5
987,4.24,1.8675,1.7,1545.0
988,4.787,2.08,1.826,2382.5
989,4.4565,1.812,1.663,1514.5
990,4.405,1.81,1.63,1575.0
991,4.846,1.954,1.749,2438.0
992,4.7675,1.87,1.7475,2277.5
993,4.785,1.87,1.71,2220.0
994,4.605,2.239,1.773,2017.5
995,4.5,2.081,1.752,1861.0
997,4.487,1.875,1.84,1997.0
998,3.883,1.74,1.782,1662.5
999,3.8825,1.708,1.7575,1595.0
1001,4.3175,1.8,1.4445,1365.0
1002,4.6025,1.8,1.465,1474.0
1003,4.375,1.805,1.56,1739.5
1004,4.355,1.82,1.535,1542.0
1005,3.6325,1.61,1.4925,980.0
1006,3.6325,1.625,1.5,960.0
1007,4.605,1.8,1.422,1421.5
1008,4.0675,1.993,1.4525,1181.5
1009,4.81,1.9,1.695,2099.0
1010,4.22,1.825,1.605,1757.0
1011,4.4875,1.855,1.635,1600.5
1012,4.83,1.87,1.4,1803.5
1013,4.14,1.76,1.495,1215.0
1014,4.395,1.826,1.495,1470.5
1016,4.545,1.81,1.65,1565.5
1017,4.466,1.7285,1.606,1375.0
1018,4.31,1.78,1.4675,1322.5
1019,4.505,1.78,1.485,1360.0
1020,4.31,1.78,1.47,1374.5
1021,4.2475,1.79,1.48,1360.5
1022,4.48,1.79,1.525,1371.5
1023,4.34,1.735,1.47,1292.0
1024,4.48,1.735,1.47,1312.0
1025,4.488,1.75,1.535,1239.0
1026,4.7675,1.805,1.48,1515.0
1027,4.725,1.8175,1.41,1450.0
1028,4.51,1.72,1.415,1184.5
1029,4.3935,1.5505,1.4025,1128.5
1030,4.3065,1.692,1.39,1054.0
1031,4.855,1.86,1.465,1685.0
1033,4.845,1.83,1.455,1577.0
1034,3.595,1.595,1.48,937.5
1035,3.5375,1.7275,1.48,967.5
1036,3.595,1.704,1.46,810.0
1037,4.31,1.9075,1.4275,1315.0
1038,4.31,1.78,1.43,1359.0
1039,4.25,1.79,1.45,1348.5
1040,4.0475,1.72,1.455,1174.0
1041,3.99,1.695,1.47,1150.0
1042,4.2275,1.6775,1.43,1117.5
1043,4.81,1.985,1.76,2094.5
1044,4.9075,1.9,1.735,2033.0
1045,4.475,1.711,1.413,1218.5
1046,4.525,1.72,1.415,1211.5
1047,4.795,1.895,1.69,1967.0
1048,4.685,1.885,1.74,1755.0
1049,4.5785,1.8845,1.725,2032.5
1050,4.14,1.8155,1.5995,1350.0
1051,4.1125,1.785,1.61,1302.5
1052,4.14,1.8,1.593,1572.5
1053,4.44,1.855,1.6325,1528.0
1055,4.29,1.747,1.65,1503.5
1056,4.0715,1.765,1.6,1267.0
1057,3.813,1.9,1.205,805.0
1064,4.8615,2.064,1.136,1600.0
1065,4.8615,2.064,1.136,1550.0
1066,4.4895,2.236,1.1725,1524.5
1067,4.5345,2.236,1.1925,1380.5
1068,5.112,2.181,1.638,2200.0
1069,4.45,2.12,1.11,1600.5
1070,4.343,1.9,1.1745,1380.0
1071,4.4825,2.236,1.165,1402.0
1072,4.595,2.0515,1.135,1677.5
1080,5.018,2.105,1.967,2367.0
1081,4.583,2.105,1.9715,2158.0
1082,4.963,2.22,1.867,2224.0
1083,4.598,2.173,1.7255,1931.0
1084,5.0995,2.22,1.848,2416.5
1085,4.371,2.1,1.649,1897.0
1086,4.7405,2.1965,1.7635,2325.0
1087,4.8015,2.146,1.675,2017.5
1088,4.717,2.1865,1.818,2520.5
1089,4.705,2.19,1.89,2175.0
1090,4.509,1.991,1.921,2077.5
1091,4.5,2.1875,1.74,1832.5
1092,4.441,2.071,1.702,1553.5
1093,4.441,2.071,1.7065,1553.5
1094,4.43,2.071,1.7125,1553.5
1095,4.4145,2.0695,1.818,1499.5
1096,4.4145,2.0695,1.808,1499.5
1097,4.4145,2.0695,1.808,1499.5
1098,4.961,2.2035,1.8825,2631.0
1099,4.443,2.228,1.817,2160.0
1101,4.3675,2.055,1.635,1719.5
1102,4.37,2.0325,1.609,2005.5
1103,4.3625,2.0525,1.605,1710.0
1104,4.871,2.22,1.722,2330.0
1105,4.7905,2.17,1.798,2565.0
1106,4.857,2.036,1.88,2230.0
1107,4.3375,1.8925,1.4475,1465.0
1108,4.975,1.865,1.445,1680.0
1109,4.6725,1.9185,1.43,1587.5
1110,4.77,2.044,1.345,1957.5
1111,4.77,2.168,1.35,2035.0
1112,5.235,2.16,1.455,2277.5
1113,4.635,2.13,1.645,1750.0
1114,4.7,2.059,1.3925,1720.0
1115,4.7075,2.06,1.39,1740.0
1116,4.627,2.119,1.5655,1703.0
1117,5.0,2.18,1.7,2205.0
1118,4.495,2.08,1.54,1570.0
1119,4.495,2.078,1.545,1785.0
1120,4.865,1.97,1.455,1732.5
1121,4.915,2.085,1.44,1790.0
1122,4.8375,1.91,1.43,1742.5
1123,4.8775,1.7975,1.4225,1717.5
1124,4.58,1.895,1.4325,1557.5
1125,4.66,1.815,1.415,1700.0
1126,4.635,1.8,1.415,1730.0
1127,4.4,1.7225,1.4125,1470.0
1128,4.505,1.725,1.43,1485.0
1129,5.12,2.0075,1.4675,2155.0
1130,5.015,1.83,1.48,1875.0
1131,4.9915,1.8165,1.435,1815.0
1132,4.77,1.885,1.685,2115.0
1133,4.75,1.845,1.685,1917.5
1134,4.58,1.815,1.66,1820.0
1135,4.525,1.825,1.37,1765.0
1138,3.832,1.7845,1.13,854.0
1139,4.372,2.0095,1.2345,1362.5
1140,3.9345,1.83,1.1495,1025.5
1143,3.73,1.702,1.175,730.0
1145,4.267,1.8685,1.15,1304.5
1146,3.9,1.782,1.125,995.0
1147,4.361,2.047,1.229,1439.5
1149,3.78,1.72,1.175,780.0
1150,4.58,2.036,1.834,1815.0
1151,4.58,2.036,1.834,1760.0
1152,3.278,1.575,1.57,942.0
1153,4.263,1.828,1.016,1117.0
1154,4.263,1.828,1.016,1117.0
1158,4.263,1.016,1.016,1078.0
1159,4.263,1.422,1.016,1078.0
1161,3.55,1.71,1.1,550.0
1162,3.88,1.7,1.21,760.0
1163,3.9,1.72,1.22,820.0
1164,3.65,1.65,1.2,700.0
1165,4.971,2.114,1.461,1842.5
1166,5.0115,2.158,1.6885,2157.0
1167,5.262,2.114,1.481,1892.5
1169,4.51,1.822,1.305,1605.0
1170,4.223,1.775,1.3,1385.5
1172,4.5165,1.822,1.305,1630.0
1173,4.907,2.056,1.348,1976.5
1174,4.413,1.822,1.3,1705.0
1175,4.907,2.05,1.348,1825.0
1176,5.0745,1.895,1.438,1870.0
1177,4.55,1.81,1.38,1543.0
1178,4.1,1.85,1.3,1417.0
1179,4.303,1.822,1.305,1720.0
1180,4.043,1.714,1.31,1357.0
1181,5.728,1.98,1.572,2735.0
1182,6.165,1.98,1.573,2855.0
1183,4.065,1.839,1.505,1058.0
1184,4.46,2.028,1.435,1413.5
1185,4.56,2.028,1.44,1407.5
1186,4.87,1.84,1.45,1575.0
1187,4.805,1.84,1.475,1587.5
1188,4.275,1.765,1.535,1210.0
1189,4.395,2.04,1.54,1431.0
1190,4.55,1.84,1.6775,1615.5
1191,4.395,2.035,1.555,1645.0
1192,3.915,1.735,1.2275,1061.5
1193,3.915,1.735,1.233,1119.5
1194,3.828,1.793,1.32,1071.0
1197,3.89,1.695,1.475,1030.0
1198,3.925,1.68,1.5375,1088.5
1199,4.525,2.053,1.4575,1340.5
1200,4.585,2.053,1.45,1327.0
1201,4.49,1.755,1.47,1430.0
1202,4.51,1.77,1.46,1460.0
1203,4.58,2.002,1.47,1409.0
1204,4.4275,1.745,1.465,1337.5
1205,4.5025,1.755,1.465,1260.0
1206,4.435,1.765,1.465,1483.0
1207,4.2325,1.705,1.42,1148.0
1208,4.011,1.693,1.405,1037.5
1209,4.161,1.693,1.42,1108.0
1210,4.245,1.71,1.355,1145.0
1221,4.585,1.988,1.615,1480.0
1222,4.535,1.755,1.615,1467.5
1223,4.755,1.795,1.44,1477.5
1224,4.785,1.795,1.49,1507.5
1225,4.755,1.795,1.44,1450.0
1226,4.685,1.78,1.435,1420.0
1227,4.68,1.78,1.435,1395.0
1228,4.7,1.78,1.48,1475.0
1230,4.59,1.71,1.43,1303.0
1231,4.6325,1.71,1.4725,1338.0
1232,4.59,1.71,1.43,1265.5
1233,4.575,1.71,1.4725,1275.0
1234,4.575,1.71,1.43,1205.0
1235,4.66,1.71,1.515,1356.0
1236,4.697,1.751,1.39,1260.0
1247,4.555,1.84,1.71,1447.5
1248,4.6875,1.9625,1.645,1780.0
1249,3.8115,1.66,1.535,997.0
1250,4.7625,1.831,1.78,1753.0
1251,4.21,1.695,1.31,1102.5
1252,3.995,1.72,1.25,1125.0
1253,4.018,1.6655,1.2275,1057.5
1254,4.615,1.75,1.31,1262.5
1255,4.3175,1.705,1.6,1335.0
1256,4.295,1.75,1.23,1310.0
1259,4.45,1.808,1.34,1389.5
1260,4.395,1.8125,1.765,1460.0
1261,4.566,1.853,1.35,1217.5
1262,4.701,1.888,1.395,1531.5
1264,4.53,2.095,1.202,1495.0
1265,4.53,2.095,1.202,1495.0
1266,4.53,2.095,1.201,1498.0
1267,4.604,2.095,1.191,1261.0
1268,4.604,2.095,1.196,1404.0
1270,4.543,2.161,1.196,1419.0
1271,4.544,2.161,1.194,1468.0
1272,4.6,2.161,1.159,1339.0
1273,4.683,2.095,1.213,1530.0
1274,4.744,2.153,1.195,1309.0
1275,4.509,2.093,1.199,1330.0
1276,4.512,2.093,1.203,1370.0
1279,4.445,1.992,1.412,1660.0
1280,5.054,2.069,1.4445,2082.5
1281,4.484,1.992,1.4255,1515.0
1282,4.554,1.992,1.431,1532.5
1283,4.574,2.075,1.284,1657.5
1284,4.5475,2.075,1.258,1712.5
1285,4.419,2.02,1.5645,1555.0
1286,4.7215,2.02,1.439,1630.0
1287,4.737,2.02,1.462,1687.5
1288,4.7185,2.016,1.4065,1625.0
1289,4.7185,2.016,1.4095,1757.5
1290,4.6915,1.999,1.429,1595.0
1291,4.6915,1.999,1.427,1570.0
1292,4.9945,2.069,1.429,1877.5
1293,4.958,2.065,1.464,1837.5
1294,4.969,2.065,1.468,1935.0
1295,4.8495,2.06,1.4325,1827.5
1296,4.8495,2.06,1.4305,1925.0
1298,4.7675,2.096,1.623,2457.5
1299,5.37,2.249,1.908,2635.0
1300,4.845,2.187,1.9675,2506.5
1302,4.642,2.02,1.6605,1655.0
1303,4.669,2.096,1.639,1890.0
1304,4.7375,2.096,1.6,1905.0
1306,4.95,2.157,1.725,2492.5
1308,5.265,2.13,1.503,1980.0
1309,5.039,2.108,1.4195,2142.5
1310,5.039,2.108,1.4225,2142.5
1311,4.138,2.006,1.301,1520.0
1312,4.626,2.099,1.3075,1817.5
1313,5.1325,2.249,1.894,2210.0
1317,4.3295,2.022,1.4275,1462.5
1318,4.498,2.022,1.417,1555.0
1319,3.8605,2.0075,1.594,1280.0
1320,3.6925,1.83,1.588,1145.0
1321,4.3755,2.01,1.5695,1560.0
1322,4.2715,2.0075,1.603,1367.5
1323,4.7605,2.018,1.413,1757.5
1324,4.649,2.0025,1.419,1715.0
1325,4.6115,1.997,1.399,1575.0
1326,4.586,2.014,1.446,1587.5
1327,4.601,2.014,1.459,1632.5
1328,4.7185,2.009,1.438,1762.5
1329,4.343,1.8425,1.406,1490.0
1330,4.5685,1.8525,1.4195,1545.0
1331,4.577,1.8525,1.4415,1587.5
1332,4.4805,1.8435,1.427,1480.0
1333,4.455,1.8435,1.427,1480.0
1336,5.08,2.1345,1.4185,2090.0
1337,5.05,2.1345,1.4235,2165.0
1338,4.816,1.817,1.413,2010.0
1339,5.0595,1.9085,1.455,2160.0
1340,4.6495,2.032,1.426,1490.0
1341,4.6495,2.032,1.428,1522.5
1342,4.691,2.032,1.4165,1600.0
1343,4.448,2.078,1.405,1520.0
1344,4.645,1.991,1.413,1600.0
1345,4.645,1.8655,1.413,1725.0
1346,4.645,1.8655,1.4065,1795.0
1347,4.567,1.8455,1.367,1585.0
1348,4.567,1.8455,1.358,1497.5
1349,4.9385,2.075,1.411,1812.5
1350,4.9835,2.075,1.419,1912.5
1351,4.9545,2.075,1.4175,1890.0
1352,4.9135,1.99,1.41,1782.5
1353,4.916,1.99,1.4095,1867.5
1354,4.7005,2.0215,1.3955,1682.5
1355,4.7005,2.0155,1.3955,1810.0
1356,4.8735,2.071,1.466,1712.5
1358,4.8905,2.0855,1.455,1860.0
1359,4.837,1.9425,1.4675,1677.5
1360,4.867,2.0265,1.421,1807.5
1361,4.8685,1.9425,1.4605,1912.5
1362,4.8275,1.9025,1.4845,1685.0
1363,4.771,1.9025,1.4495,1615.0
1366,4.713,2.0555,1.9525,2591.0
1367,4.763,2.055,1.938,2552.5
1368,4.662,2.007,1.931,2445.0
1369,4.662,2.007,1.931,2550.0
1375,4.9045,2.129,1.7245,2295.0
1377,4.885,2.135,1.718,2347.5
1383,4.7805,2.1255,1.7765,2225.0
1384,4.7965,2.1255,1.8185,2310.0
1385,4.6125,2.158,1.798,2222.5
1386,5.0475,2.1755,1.654,2236.5
1387,5.2565,2.119,1.4645,2142.5
1388,5.1655,2.119,1.4565,2160.0
1389,5.151,1.9955,1.479,2075.0
1390,5.1525,2.1175,1.479,2172.5
1391,5.1005,1.9735,1.444,1995.0
1392,5.1335,1.892,1.497,2040.0
1395,4.143,2.006,1.303,1595.0
1396,4.547,1.942,1.3065,1900.0
1397,4.57,1.942,1.2965,1995.0
1398,4.51,1.897,1.2955,1870.0
1400,4.134,2.006,1.301,1520.0
1401,4.146,2.006,1.301,1610.0
1402,4.0925,1.9905,1.296,1447.5
1403,4.0925,1.873,1.2965,1557.5
1404,4.0025,1.8295,1.2795,1410.0
1405,4.638,2.0765,1.2615,1715.0
1406,4.192,2.016,1.854,1395.0
1407,5.14,2.249,1.93,2387.5
1408,4.66,2.18,1.844,2001.0
1409,4.019,2.245,1.875,2150.0
1411,4.544,2.059,1.513,1541.0
1412,4.3185,2.048,1.6155,1239.5
1413,4.314,2.048,1.62,1518.0
1414,3.91,1.78,1.27,1087.5
1415,4.5,2.081,1.665,1426.0
1417,4.48,2.076,1.32,1497.5
1418,3.943,1.807,1.261,1142.5
1419,4.01,1.9,1.4,1182.5
1420,3.999,1.946,1.395,1075.0
1421,4.386,1.923,1.386,1170.0
1422,4.54,1.923,1.386,1170.0
1423,4.37,1.92,1.38,1250.0
1424,4.53,1.92,1.38,1250.0
1425,4.744,2.009,1.417,1550.0
1427,4.7435,1.97,1.4135,1550.0
1428,4.766,1.97,1.445,1580.0
1429,4.0365,1.912,1.508,1162.5
1430,4.651,2.008,1.472,1540.0
1431,4.651,2.008,1.472,1550.0
1432,3.943,1.808,1.2565,1105.0
1439,2.58,1.5405,1.39,370.0
1440,4.2595,2.02,1.441,1427.5
1441,3.8475,1.932,1.415,1285.0
1442,4.298,2.003,1.558,1540.0
1443,3.845,1.928,1.432,1365.0
1444,3.913,1.847,1.4195,1190.0
1445,3.949,1.913,1.429,1185.0
1446,3.711,1.913,1.414,1207.5
1447,3.645,1.925,1.415,1212.5
1448,3.9145,1.8925,1.4725,1280.0
1449,3.655,1.925,1.416,1177.5
1450,4.103,1.789,1.544,1347.5
1451,3.731,1.892,1.381,1142.5
1452,3.711,1.913,1.407,1090.0
1453,3.6305,1.925,1.412,1120.0
1454,3.9315,1.8925,1.458,1280.0
1455,4.109,1.996,1.518,1330.0
1456,3.728,1.892,1.384,1140.0
1457,4.33,1.79,1.6275,1400.0
1458,4.405,1.805,1.685,1492.5
1459,3.7775,1.665,1.4975,877.5
1460,4.675,1.805,1.695,1715.0
1461,4.785,1.815,1.805,2102.5
1462,4.56,1.84,1.285,1730.0
1463,4.475,1.71,1.5575,1227.5
1464,4.475,1.71,1.5575,1212.5
1465,4.44,1.7025,1.405,1145.0
1466,4.44,1.7025,1.405,1135.0
1467,3.875,1.695,1.535,1010.0
1468,3.91,1.695,1.535,1075.0
1469,3.88,1.695,1.455,1155.0
1470,3.82,1.695,1.52,1070.0
1471,3.9,1.68,1.375,970.0
1472,3.9585,1.6955,1.36,952.5
1477,4.655,1.74,1.4175,1300.0
1478,4.675,1.605,1.4575,1347.5
1479,4.68,1.76,1.42,1515.0
1480,4.74,1.76,1.42,1570.0
1481,4.621,1.7285,1.395,1240.0
1482,4.6275,1.7285,1.395,1330.0
1486,4.765,1.795,1.655,1677.5
1487,3.435,1.475,1.605,1005.0
1488,3.475,1.475,1.61,1110.0
1489,4.585,1.76,1.515,1390.0
1490,4.57,1.76,1.49,1350.0
1491,4.585,1.76,1.515,1595.0
1492,4.535,1.715,1.43,1240.0
1493,4.54,1.715,1.465,1302.5
1500,4.5,1.9235,1.48,1582.5
1501,4.49,1.77,1.445,1410.0
1502,4.49,1.77,1.45,1435.0
1503,4.455,1.77,1.45,1380.0
1504,4.35,1.77,1.41,1360.0
1505,4.6525,1.8,1.68,1690.0
1509,4.6425,1.875,1.88,2225.0
1510,4.545,1.6425,1.495,2052.5
1511,4.2925,1.7305,1.8225,1895.0
1513,3.885,1.6875,1.715,1332.5
1514,4.5825,1.735,1.75,1870.0
1515,4.749,1.778,1.435,1560.0
1517,4.281,1.698,1.625,1215.0
1518,4.04,1.7075,1.535,1195.0
1519,4.6,1.775,1.67,1500.0
1520,4.4055,1.8285,1.625,1267.5
1521,4.292,1.651,1.525,1169.0
1524,3.26,1.738,1.012,525.0
1525,3.948,1.5455,1.285,919.5
1527,3.89,1.756,1.22,1115.0
1528,3.89,1.756,1.22,1075.0
1529,4.01,1.72,1.27,970.0
1530,4.118,1.7615,1.146,1042.5
1533,4.147,1.77,1.248,1100.0
1534,3.961,1.615,1.255,940.0
1535,4.2575,1.845,1.315,1511.0
1536,4.33,1.87,1.315,1535.0
1537,4.68,1.895,1.37,1736.0
1538,4.21,1.983,1.586,1203.0
1539,4.49,2.03,1.5375,1453.5
1540,3.999,1.935,1.447,1083.5
1541,4.48,2.011,1.859,1787.5
1542,4.3855,2.07,1.5925,1440.0
1543,4.665,1.94,1.7025,1615.0
1545,4.56,1.73,1.295,1275.0
1551,4.3125,1.815,1.3225,1537.0
1552,4.3125,1.815,1.329,1639.5
1553,4.25,1.845,1.325,1529.5
1554,4.1905,1.812,1.448,1282.5
1555,4.4305,1.7005,1.445,1235.5
1556,4.2045,1.6705,1.395,1095.0
1557,4.22,1.69,1.395,1095.0
1558,4.264,1.758,1.608,1392.5
1563,3.98,1.695,1.68,1220.0
1564,4.135,1.8695,1.565,1296.5
1565,4.15,1.872,1.565,1369.5
1567,4.445,1.8685,1.55,1504.5
1569,4.92,1.78,1.435,1432.5
1570,3.8025,1.67,1.5175,1012.0
1571,3.7245,1.66,2.04,1000.5
1572,3.806,1.668,1.441,1162.0
1573,3.714,1.5795,1.435,885.0
1575,4.86,1.8875,1.7,1842.5
1577,4.1175,1.695,1.53,1091.0
1578,4.0895,1.6955,1.5525,1166.0
1579,4.7765,1.849,1.783,2169.5
1580,4.77,1.89,1.8475,2307.5
1581,4.5335,1.803,1.82,2175.0
1582,4.945,1.93,1.8,2230.0
1583,3.565,1.63,1.47,880.0
1586,4.567,1.998,1.482,1401.5
1587,4.675,1.879,1.482,1476.5
1588,4.567,1.879,1.482,1431.5
1589,4.522,1.715,1.41,1292.5
1590,4.522,1.715,1.41,1277.5
1591,4.5505,1.715,1.41,1350.0
1592,4.43,1.715,1.41,1265.0
1593,4.43,1.715,1.41,1245.0
1594,4.566,1.715,1.45,1315.0
1595,4.4865,1.708,1.43,1275.0
1596,4.4865,1.6955,1.43,1275.0
1597,4.4735,1.6955,1.43,1275.0
1598,4.387,2.017,1.52,1287.5
1599,4.3225,1.95,1.615,1455.5
1600,4.533,1.95,1.625,1568.0
1601,4.747,1.7485,1.415,1387.5
1602,4.319,1.698,1.855,1455.0
1604,4.675,1.78,1.36,1601.0
1605,4.6,1.785,1.36,1666.0
1618,4.4135,1.75,1.825,1810.0
1619,4.6325,1.7875,1.6925,1566.5
1620,4.4825,1.765,1.7125,1497.5
1621,4.089,1.8565,1.143,1065.0
1625,3.485,1.49,1.4225,765.0
1626,3.46,1.49,1.64,867.5
1627,3.72,1.665,1.55,942.5
1628,3.345,1.395,1.415,750.0
1629,3.475,1.884,1.46,852.5
1630,4.3,1.987,1.55,1196.5
1631,4.055,1.96,1.43,1069.0
1632,4.447,2.098,1.62,1555.0
1633,4.253,2.043,1.457,1197.5
1634,4.585,2.043,1.461,1365.0
1635,4.641,2.098,1.64,1462.0
1636,4.784,2.079,1.42,1582.5
1637,4.75,2.079,1.403,1625.0
1638,4.3,1.987,1.55,1548.0
1639,4.055,1.96,1.43,1455.0
1640,5.134,2.204,1.89,1904.0
1641,4.959,2.204,1.8975,1648.0
1642,4.578,2.107,1.88,1490.0
1643,4.9575,2.204,1.8975,1749.0
1644,3.731,1.662,1.61,1281.5
1645,3.678,1.602,1.37,882.5
1646,3.43,1.63,1.4675,835.0
1647,4.159,2.004,1.556,1125.0
1650,3.8285,1.6625,1.4295,1027.5
1651,3.835,1.673,1.373,1196.0
1652,3.822,1.6625,1.433,1127.5
1653,3.9315,1.3625,1.444,1095.0
1654,4.037,1.972,1.392,1418.5
1655,4.1525,1.92,1.5325,1333.0
1656,4.03,1.946,1.487,1241.5
1657,4.03,1.92,1.502,1325.0
1658,3.9675,2.004,1.46,1055.0
1659,3.9675,2.004,1.46,1160.0
1660,4.365,1.975,1.639,1604.0
1663,4.187,1.5615,1.3935,1162.5
1664,4.179,1.6845,1.356,1272.5
1665,4.0125,1.686,1.367,1115.0
1666,4.2495,1.6845,1.386,1115.0
1667,4.353,1.758,1.4315,1555.0
1668,4.2065,1.7515,1.521,1290.0
1669,4.4235,1.7595,1.562,1305.0
1670,4.4235,1.7595,1.562,1449.5
1671,4.253,2.043,1.446,1205.0
1672,4.253,2.043,1.457,1260.0
1674,4.42,1.928,1.426,1666.5
1675,4.276,1.9295,1.5085,1593.5
1677,4.635,1.805,1.67,1835.0
1678,4.3935,1.6885,1.5,1175.0
1679,4.388,1.685,1.476,1155.0
1680,4.445,1.86,1.4055,1453.5
1681,4.73,1.86,1.4805,1494.0
1682,4.615,1.78,1.353,1410.5
1683,4.6835,1.811,1.455,1638.5
1685,4.815,1.868,1.399,1699.5
1689,4.811,2.068,1.456,1612.5
1690,4.821,2.068,1.476,1605.0
1692,4.765,1.799,1.417,1450.0
1693,4.8865,1.8175,1.4525,1581.5
1694,4.454,1.834,1.714,1555.0
1695,4.727,2.018,1.759,1738.5
1696,3.917,2.019,1.7315,1247.5
1697,4.974,2.185,1.957,1869.5
1698,3.474,1.792,1.608,1120.0
1699,4.1225,1.842,1.83,1271.5
1700,4.382,2.112,1.8325,1497.0
1701,4.292,2.107,1.357,1414.5
1702,3.846,1.675,1.2,930.0
1703,3.846,1.675,1.2,930.0
1704,4.586,2.023,1.352,2350.0
1705,4.607,1.985,1.478,2123.0
1706,4.4045,1.994,1.2695,1392.5
1707,4.4175,1.994,1.282,1392.5
1708,4.527,2.024,1.3005,1560.0
1709,4.519,2.024,1.299,1657.5
1710,4.5405,2.001,1.276,1587.5
1711,4.9235,2.194,1.6845,2237.5
1712,4.935,2.194,1.6645,2282.5
1713,4.69,2.0105,1.6165,1857.5
1714,5.124,2.165,1.4245,2112.5
1715,5.051,2.165,1.427,2122.5
1717,4.5265,1.893,1.2875,1485.0
1718,4.5095,1.893,1.2945,1517.5
1719,4.5065,1.929,1.2945,1635.0
1720,4.5095,1.915,1.293,1572.5
1721,4.545,1.978,1.28,1425.0
1722,4.448,1.88,1.295,1495.0
1723,4.431,1.851,1.305,1542.5
1724,4.44,1.952,1.284,1520.0
1725,4.4385,1.88,1.305,1575.0
1726,4.46,1.952,1.28,1360.0
1727,4.4325,1.7975,1.3,1575.0
1728,4.35,1.791,1.2925,1475.0
1729,4.43,1.77,1.305,1467.5
1742,4.394,1.978,1.272,1345.0
1743,4.3355,1.8765,1.263,1335.0
1744,4.3175,1.78,1.285,1317.5
1745,4.8505,2.16,1.702,2172.5
1746,4.79,2.208,1.687,2257.5
1747,4.409,1.8895,1.2805,1352.5
1748,4.344,1.801,1.296,1375.0
1749,4.9925,2.0225,1.418,1912.5
1750,2.96,1.48,1.45,450.0
1751,3.9925,1.704,1.3625,1115.0
1752,4.2225,1.69,1.365,1075.0
1753,4.592,1.809,1.691,1425.0
1754,4.31,1.725,1.435,1202.5
1755,4.477,1.725,1.4375,1287.5
1756,4.465,1.74,1.42,1270.0
1761,4.543,1.786,1.524,1345.0
1762,3.9925,1.7,1.3625,1037.5
1763,3.905,1.42,1.42,1183.0
1764,3.71,1.973,1.48,955.0
1765,4.27,1.69,1.385,1070.0
1766,4.36,1.69,1.385,1030.0
1774,4.227,2.003,1.576,1377.0
1775,4.0545,1.9665,1.444,1235.5
1777,4.469,2.058,1.607,1469.0
1778,4.672,2.063,1.678,1660.0
1779,4.365,2.058,1.446,1400.5
1780,4.6255,2.058,1.4515,1556.5
1781,2.3375,1.396,1.4575,474.0
1782,4.0855,1.945,1.562,1521.5
1786,4.138,1.823,1.412,1277.5
1787,4.138,1.686,1.412,1115.0
1798,4.642,2.084,1.627,1701.0
1799,4.122,1.778,1.566,1205.0
1800,4.0695,1.945,1.4445,1091.0
1801,4.0765,1.945,1.44,1204.0
1802,4.009,2.025,1.4965,1133.5
1803,4.218,2.025,1.513,1160.0
1804,4.004,2.025,1.4805,1222.0
1805,3.796,1.7895,1.417,992.5
1806,3.7925,1.7895,1.4155,1055.5
1807,3.773,1.94,1.3605,1367.5
1808,3.773,1.6785,1.417,1107.5
1810,4.661,2.104,1.728,1755.0
1811,4.4935,1.88,1.6985,1585.0
1814,4.748,2.037,1.458,1605.0
1815,4.861,2.104,1.737,1812.5
1816,4.6485,1.88,1.6985,1625.0
1817,4.034,1.967,1.586,1192.5
1818,4.5665,2.077,1.645,1538.5
1819,4.4945,1.9485,1.636,1530.0
1821,4.213,2.133,1.839,1374.5
1822,3.7205,2.045,1.845,1182.5
1823,4.52,2.12,1.69,1679.0
1824,4.695,2.06,1.445,1489.5
1825,4.802,2.06,1.445,1476.5
1826,4.643,1.812,1.398,1529.0
1827,4.587,2.06,1.431,1395.0
1828,4.704,1.9045,1.441,1432.5
1829,4.5075,1.8965,1.433,1325.0
1830,4.568,1.8965,1.4515,1360.0
1831,4.2685,1.911,1.471,1307.0
1832,4.3035,1.911,1.447,1296.0
1833,4.485,2.072,1.434,1477.5
1834,4.563,2.037,1.488,1314.5
1835,4.299,2.037,1.435,1345.5
1836,4.209,2.026,1.458,1230.0
1837,4.498,2.026,1.46,1260.0
1838,4.5,2.026,1.467,1262.5
1839,4.355,2.026,1.404,1407.5
1840,4.2185,2.026,1.4475,1360.0
1841,4.2185,2.026,1.447,1260.0
1842,4.498,2.026,1.46,1242.5
1843,4.5,2.026,1.462,1260.0
1844,4.355,2.026,1.404,1372.5
1845,4.418,1.6985,1.42,1120.0
1846,3.832,1.6975,1.3655,1072.5
1847,4.0475,1.813,1.351,1152.5
1848,4.1465,1.8365,1.6645,1090.0
1849,4.134,1.719,1.6,1260.0
1850,3.833,1.9635,1.5875,1142.5
1851,4.729,1.9165,1.443,1467.5
1852,4.406,2.128,1.653,1487.5
1853,4.355,2.077,1.6385,1430.0
1855,4.2615,2.087,1.62,1410.0
1856,4.2875,1.855,1.6645,1360.0
1858,3.595,1.653,1.546,933.0
1859,3.6435,1.938,1.47,952.5
1860,3.653,1.938,1.46,1049.5
1861,4.86,2.177,1.577,1687.5
1862,3.8305,1.913,1.381,1152.0
1863,5.341,2.164,1.835,2660.0
1864,5.285,2.064,1.502,2560.0
1866,5.872,2.018,1.651,2585.0
1867,5.285,2.064,1.507,2360.0
1869,5.293,1.939,1.475,2735.0
1870,5.484,2.023,1.551,2405.0
1872,5.967,2.117,1.639,2615.0
1873,5.612,2.076,1.566,2630.0
1874,5.612,2.076,1.598,2580.0
1875,5.959,2.117,1.633,2577.5
1876,5.612,2.076,1.5895,2590.0
1878,5.39,2.1225,1.515,2375.0
1885,4.145,1.9,1.405,1112.5
1886,4.2685,1.808,1.37,1092.5
1890,3.99,1.795,1.42,1120.0
1891,3.999,1.946,1.395,1075.0
1892,4.319,1.8945,1.39,1192.5
1893,4.429,1.793,1.39,1192.5
1894,4.369,1.808,1.4,1112.5
1896,4.386,1.923,1.386,1167.5
1897,4.54,1.923,1.386,1167.5
1898,4.36,1.7,1.39,1167.5
1899,4.52,1.92,1.39,1210.0
1900,4.649,1.8385,1.38,1322.5
1901,4.849,1.8935,1.424,1495.0
1903,4.7695,2.009,1.424,1710.0
1904,4.7475,1.97,1.425,1495.0
1905,4.792,1.97,1.424,1525.0
1906,4.878,1.8485,1.38,1442.5
1907,4.878,1.8485,1.38,1437.5
1908,4.878,1.8485,1.39,1412.5
1911,3.703,1.924,1.5,1040.0
1917,4.6425,1.8215,1.436,1297.5
1918,4.6425,1.706,1.436,1295.0
1919,4.6425,1.706,1.436,1295.0
1923,4.755,1.778,1.42,1360.0
1924,4.806,1.7395,1.42,1352.5
1925,4.6515,2.038,1.4735,1560.0
1926,4.7445,2.038,1.5135,1590.0
1927,4.6515,2.039,1.4335,1677.5
1928,4.69,2.038,1.5755,1660.0
1929,4.629,1.942,1.4255,1427.5
1930,4.629,1.942,1.428,1397.5
1931,4.629,1.942,1.428,1397.5
1932,5.008,2.114,1.4625,1820.0
1934,4.8385,2.07,1.4895,1560.0
1935,4.836,2.07,1.4895,1532.5
1936,4.816,2.042,1.462,1630.0
1937,4.818,2.042,1.4905,1702.5
1941,4.854,1.904,1.72,1776.0
1942,4.138,1.78,1.552,1204.5
1943,4.372,1.9595,1.613,1366.0
1944,4.059,1.78,1.444,1106.5
1945,4.368,1.7995,1.451,1371.5
1946,4.563,1.816,1.445,1339.5
1947,4.642,1.799,1.4465,1435.0
1948,3.557,1.645,1.478,1160.0
1949,4.735,1.839,1.674,1655.0
1950,4.482,1.706,1.461,1197.5
1951,4.634,1.976,1.73,1753.0
1952,4.62,1.98,1.746,1720.0
1953,4.281,1.768,1.572,1436.0
1954,4.468,1.768,1.581,1432.0
1955,4.493,1.788,1.622,1569.5
1956,3.5435,1.504,1.46,914.5
1957,4.28,1.698,1.441,1164.0
1958,4.163,1.64,1.424,1098.5
1959,4.1735,1.691,1.4555,1115.0
1960,4.144,1.64,1.424,1060.0
1962,4.142,1.64,1.409,1085.0
1963,4.661,1.772,1.43,1467.5
1965,4.067,1.693,1.443,1106.5
1966,4.053,1.693,1.426,1109.5
1967,4.1415,1.693,1.4345,1184.5
1968,4.058,1.693,1.42,1259.5
1969,4.2335,1.693,1.443,1141.0
1970,3.973,1.698,1.441,1137.0
1971,3.876,1.64,1.422,1055.5
1972,3.806,1.6325,1.407,997.5
1974,4.28,1.816,1.447,1256.0
1975,4.237,1.8105,1.4345,1242.0
1976,4.543,1.816,1.481,1510.0
1977,4.3895,1.813,1.4285,1420.5
1978,4.312,1.768,1.4535,1388.0
1979,4.309,1.768,1.443,1450.0
1980,4.316,1.768,1.4535,1374.5
1981,4.316,1.768,1.4505,1412.5
1982,4.311,1.742,1.4375,1261.5
1983,4.1835,1.742,1.439,1376.0
1987,3.557,1.643,1.478,934.5
1989,4.458,1.768,1.568,1492.0
1990,4.439,1.712,1.436,1252.0
1991,4.3195,1.7835,1.553,1320.0
1992,3.597,1.914,1.481,1160.0
1994,4.01,1.958,1.462,1050.5
1995,4.2815,1.958,1.4625,1074.5
1996,4.241,1.988,1.5325,1214.5
1997,4.39,2.025,1.605,1425.5
1998,4.701,2.087,1.66,1641.5
1999,4.6955,1.994,1.4665,1423.0
2001,4.687,2.017,1.4765,1479.5
2002,4.362,1.988,1.4725,1190.0
2003,4.859,2.031,1.469,1521.0
2004,4.865,2.031,1.461,1497.5
2005,3.58,1.912,1.4705,897.0
2007,4.0025,1.764,1.491,1117.0
2008,4.243,1.764,1.463,1139.5
2009,4.1525,1.886,1.47,1315.5
2010,3.965,1.8915,1.451,1147.5
2011,3.97,1.89,1.451,1315.0
2012,4.227,1.8915,1.452,1182.5
2013,4.232,1.89,1.449,1215.0
2016,3.883,1.635,1.415,992.5
2017,4.0485,1.681,1.42,1032.5
2018,4.674,1.9155,1.4565,1318.0
2019,4.674,1.9155,1.4915,1345.5
2020,4.672,2.017,1.456,1421.0
2021,4.5705,1.9955,1.465,1410.0
2022,4.5755,1.9955,1.4575,1437.5
2023,4.5705,1.9955,1.462,1370.0
2024,4.5765,1.9955,1.468,1540.0
2025,4.509,1.8575,1.4145,1325.0
2026,4.512,1.8575,1.4275,1402.5
2027,4.51,1.92,1.435,1382.5
2028,4.304,1.823,1.459,1145.0
2029,4.483,1.94,1.461,1164.0
2031,4.2095,1.882,1.575,1190.0
2032,4.8355,2.009,1.4715,1537.5
2033,4.8355,2.009,1.4545,1515.5
2034,4.803,1.895,1.469,1585.5
2035,4.2225,1.956,1.6475,1415.0
2036,3.495,1.875,1.554,1200.0
2037,2.695,1.893,1.555,1090.0
2038,2.695,1.893,1.554,1120.0
2039,2.5,1.515,1.549,725.0
2040,2.5,1.526,1.549,725.0
2041,2.622,1.618,1.508,740.0
2042,3.51,1.875,1.549,1035.0
2043,3.752,1.684,1.45,1027.5
2044,2.7175,1.893,1.549,937.5
2045,2.7175,1.893,1.548,952.5
2046,2.711,1.752,1.5485,862.5
2047,2.711,1.752,1.5485,887.5
2048,2.5,1.515,1.549,725.0
2049,2.5,1.526,1.549,730.0
2050,3.427,1.615,1.191,811.0
2051,3.427,1.615,1.191,831.0
2052,4.45,1.87,1.62,1602.5
2054,4.3175,1.8115,1.6015,1479.5
2056,4.41,1.96,1.71,1736.5
2057,4.33,1.841,1.84,1805.0
2058,4.66,1.88,1.74,1964.0
2059,4.64,1.8775,1.735,1875.0
2060,4.72,1.87,1.76,1976.0
2062,5.125,1.9225,1.82,2151.5
2063,4.935,1.864,1.76,1964.0
2064,5.13,1.915,1.85,2203.5
2065,4.345,1.976,1.4475,1248.0
2067,4.46,1.775,1.455,1377.5
2068,4.69,1.987,1.49,1566.0
2070,4.465,1.8585,1.595,1491.5
2076,4.855,1.88,1.675,1907.5
2077,4.6025,1.795,1.735,1555.0
2078,4.56,1.78,1.675,1507.5
2079,4.4675,1.8575,1.585,1445.0
2080,4.455,1.8415,1.5875,1400.0
2081,4.42,1.74,1.465,1340.0
2082,4.415,1.74,1.4725,1382.5
2083,4.415,1.795,1.475,1505.0
2084,4.465,1.74,1.425,1405.0
2085,4.465,1.695,1.46,1367.5
2086,4.41,1.7175,1.4625,1387.5
2087,4.41,1.695,1.485,1347.5
2088,4.3465,1.6705,1.4075,1212.5
2089,4.345,1.6705,1.4275,1217.5
2090,3.61,1.665,1.55,890.0
2091,3.795,1.59,1.365,917.5
2094,4.775,2.052,1.535,1523.5
2095,4.665,1.73,1.43,1445.0
2096,4.72,1.73,1.4725,1475.0
2097,4.7,1.72,1.5475,1500.0
2098,4.605,1.695,1.415,1410.0
2099,4.6585,1.705,1.5225,1385.0
2100,4.563,1.698,1.405,1355.0
2101,4.7825,1.936,1.605,1579.0
2102,4.73,1.9,1.545,1517.5
2105,4.595,2.002,1.475,1525.0
2106,4.4975,1.795,1.47,1505.0
2108,4.45,1.78,1.57,1385.0
2109,4.635,1.855,1.69,1940.0
2110,3.7,1.675,1.6,897.5
2111,3.645,1.645,1.725,1135.0
2112,4.655,1.79,1.46,1345.0
2113,3.865,1.735,1.5075,957.5
2114,4.3,1.775,1.58,1280.0
2116,3.5,1.6,1.47,880.0
2117,3.495,1.475,1.455,805.0
2118,3.495,1.495,1.405,752.5
2121,3.995,1.745,1.465,950.0
2122,3.885,1.69,1.395,970.0
2123,4.375,1.69,1.46,1077.5
2124,4.195,1.6705,1.3925,995.0
2126,3.6,1.6,1.535,840.0
2127,4.22,1.845,1.695,1536.0
2128,4.3325,1.706,1.74,1490.0
2129,3.875,1.71,1.69,1255.0
2130,3.6925,1.6,1.595,965.0
2131,3.6175,1.6225,1.555,917.5
2132,3.65,1.6225,1.68,1097.0
2133,3.635,1.6,1.68,1055.0
2134,4.65,1.82,1.47,1625.0
2135,4.23,1.705,1.5475,1165.0
2136,4.35,1.705,1.545,1185.0
2140,3.715,1.68,1.59,1075.0
2141,3.85,1.695,1.5175,1065.0
2142,3.89,1.695,1.51,1045.0
2143,3.765,1.69,1.5,1092.5
2144,3.765,1.69,1.5,1105.0
2145,3.795,1.582,1.365,795.0
2148,4.1675,1.7425,1.5925,1265.0
2149,4.5,1.73,1.545,1200.0
2150,3.8405,1.6475,1.6875,1280.0
2151,3.593,1.6325,1.665,1130.0
2152,3.52,1.62,1.6825,995.0
2153,3.41,1.575,1.705,850.0
2157,3.744,1.59,1.45,940.0
2158,4.694,2.088,1.443,1847.0
2159,4.9785,2.188,1.435,2133.0
2160,5.0365,2.271,1.684,2395.5
2161,3.946,1.873,1.127,1238.0
2162,3.46,1.615,1.46,850.0
2163,4.885,1.84,1.445,1595.0
2164,4.3775,1.795,1.56,1405.0
2165,4.37,1.79,1.435,1290.0
2166,4.63,1.78,1.435,1310.0
2167,4.65,1.79,1.435,1335.0
2168,4.65,1.805,1.455,1335.0
2169,4.3785,1.8535,1.2955,1392.5
2170,4.24,1.775,1.3025,1254.5
2171,4.966,1.93,1.755,2050.0
2172,4.6325,1.9275,1.86,2365.0
2173,4.5925,1.76,1.4725,1452.5
2174,4.63,1.775,1.575,1537.5
2175,4.959,1.92,1.9195,1742.0
2176,4.6,1.855,1.6875,1750.0
2177,3.94,1.745,1.5025,1087.5
2178,3.995,1.805,1.455,1280.0
2180,4.3025,1.76,1.4675,1335.0
2181,4.5775,1.76,1.48,1382.5
2182,4.4175,1.7675,1.545,1310.0
2183,4.7225,1.81,1.48,1450.0
2184,4.75,1.81,1.48,1432.5
2185,4.723,1.791,1.48,1517.5
2186,4.6375,1.76,1.48,1352.5
2187,4.6375,1.76,1.48,1355.0
2188,4.7075,1.76,1.525,1392.5
2189,4.505,1.71,1.425,1320.0
2190,4.505,1.71,1.425,1295.0
2191,4.545,1.71,1.4625,1333.5
2192,4.67,1.775,1.675,1562.5
2193,3.4175,1.615,1.465,815.0
2194,4.815,1.795,1.5,1520.0
2195,4.745,1.7775,1.415,1415.0
2197,4.3025,1.761,1.47,1530.0
2206,4.533,1.698,1.44,1235.0
2207,4.5255,1.695,1.41,1227.5
2208,4.538,1.698,1.44,1240.0
2209,4.3525,1.735,1.315,1180.0
2216,4.385,1.74,1.57,1430.0
2217,4.19,1.71,1.4575,1237.5
2218,4.3975,1.71,1.47,1205.0
2219,4.3975,1.71,1.52,1250.0
2221,4.205,1.69,1.385,1220.0
2222,4.34,1.69,1.4675,1242.5
2223,4.185,1.69,1.385,1142.5
2224,4.295,1.69,1.385,1082.5
2225,4.295,1.59,1.4375,1162.5
2226,4.0075,1.645,1.38,1167.5
2227,4.2685,1.6805,1.38,1105.0
2228,4.2935,1.683,1.49,1265.0
2235,2.985,1.68,1.5,887.5
2236,4.6075,1.8325,1.8775,1915.0
2237,4.477,1.7775,1.9125,2440.0
2240,4.5225,1.775,1.8875,1890.0
2241,4.95,1.97,1.865,2615.0
2242,3.895,1.695,1.245,1037.5
2246,4.53,1.695,1.66,1405.0
2247,4.75,1.79,1.79,1662.5
2248,4.7495,1.789,1.8275,1805.0
2249,4.455,1.735,1.48,1370.0
2250,4.45,1.725,1.49,1300.0
2251,4.315,1.695,1.475,1250.0
2252,4.5875,1.845,1.6675,1652.5
2253,4.355,1.835,1.7025,1522.5
2254,4.035,1.76,1.7025,1305.0
2255,3.9165,1.718,1.66,1285.0
2257,3.74,1.635,1.389,837.5
2258,3.714,1.6,1.385,840.0
2264,3.93,1.725,1.5325,1195.0
2265,4.415,1.78,1.625,1507.5
2266,3.99,1.695,1.595,1072.5
2267,3.9175,1.695,1.51,1055.0
2268,4.073,1.862,1.4775,1020.0
2269,3.7675,1.695,1.525,1020.0
2270,3.6275,1.63,1.5,910.0
2271,3.66,1.66,1.485,950.0
2272,3.87,1.69,1.6975,1050.0
2286,4.37,2.042,1.485,1236.0
2287,4.702,2.042,1.51,1230.0
2288,4.578,2.107,1.8205,1650.5
2289,4.06,1.96,1.433,1072.5
2290,4.06,1.96,1.433,1530.0
2292,4.212,1.976,1.597,1214.0
2297,5.131,2.204,1.93,1825.0
2299,3.698,1.966,1.4835,1491.5
2300,3.747,1.966,1.493,1500.5
2301,3.74,1.932,1.59,982.5
2302,3.5175,1.94,1.66,979.0
2303,4.498,2.126,1.439,1732.0
2304,4.5855,2.085,1.704,1828.0
2305,4.466,2.02,1.482,1429.0
2306,4.419,1.9135,1.51,1598.0
2308,4.466,2.02,1.482,1475.0
2309,4.249,2.0315,1.4635,1270.5
2310,4.289,2.018,1.41,1281.5
2311,4.29,2.003,1.405,1230.0
2312,4.382,2.033,1.467,1306.5
2313,4.476,2.021,1.411,1548.0
2314,4.11,1.978,1.4265,1198.5
2315,4.267,1.978,1.39,1392.5
2316,4.3175,1.978,1.425,1193.5
2317,4.288,1.967,1.425,1252.0
2318,4.267,1.967,1.375,1239.5
2319,4.0635,1.764,1.3975,1096.5
2320,4.1395,1.764,1.41,1117.5
2321,4.278,1.852,1.41,1214.0
2322,4.24,1.764,1.4,1192.0
2327,4.4935,1.8035,1.32,1327.5
2332,4.696,2.02,1.443,1683.5
2339,4.322,1.892,1.801,1235.0
2340,4.021,1.944,1.48,1127.0
2342,3.999,1.944,1.488,1152.0
2343,3.999,1.944,1.488,1223.0
2344,3.828,1.955,1.44,1047.5
2345,3.817,1.945,1.44,1209.0
2346,3.735,1.688,1.42,967.5
2348,4.4455,1.8815,1.721,1799.5
2351,4.836,2.084,1.498,1673.0
2352,4.914,2.084,1.52,1754.0
2355,4.836,2.084,1.498,1538.0
2356,4.294,1.994,1.615,1061.5
2357,4.047,1.949,1.624,1330.0
2362,2.9055,1.9095,1.8375,1907.5
2365,4.8425,1.9965,1.4555,1627.0
2366,3.814,1.9965,1.5,1666.5
2369,4.6435,1.917,1.466,1560.0
2371,3.921,1.905,1.364,1194.0
2372,3.922,1.812,1.34,1023.5
2373,4.611,2.036,1.46,1478.0
2374,4.725,2.036,1.48,1577.5
2375,4.611,2.036,1.46,1398.0
2376,4.839,2.036,1.48,1530.5
2377,4.596,2.036,1.46,1474.5
2378,4.596,2.036,1.46,1463.0
2379,4.824,2.036,1.46,1559.0
2380,4.457,1.773,1.4575,1323.5
2381,4.457,1.773,1.425,1308.5
2382,4.4925,1.8475,1.4575,1388.5
2383,3.675,1.876,1.485,864.0
2384,3.676,1.876,1.532,864.0
2386,5.198,2.283,1.971,2045.0
2387,3.788,1.884,1.1145,902.5
2389,4.941,2.174,1.468,1840.5
2391,4.467,1.9035,1.635,1514.5
2392,4.467,1.781,1.635,1434.0
2393,4.316,1.9955,1.6365,1409.5
2394,4.864,1.999,1.45,1640.0
2396,4.5,2.1,1.818,1575.5
2398,4.853,2.1,1.818,1685.5
2400,4.898,2.29,1.9925,2521.5
2401,5.104,2.297,1.97,2409.5
2402,4.264,2.027,1.471,1562.5
2403,3.57,1.91,1.498,1187.0
2406,4.3445,2.05,1.5955,1387.0
2409,4.261,2.07,1.568,1789.0
2410,4.771,2.083,1.4695,1492.5
2411,4.771,2.083,1.502,1507.5
2412,4.7785,2.083,1.527,1591.5
2413,4.06,1.964,1.461,1165.0
2414,4.854,2.081,1.72,1715.5
2416,4.4685,1.9675,1.703,1577.5
2417,4.703,1.969,1.674,1720.0
2418,4.878,2.193,1.702,1970.0
2419,4.527,1.8215,1.651,1470.5
2420,4.2485,1.9055,1.573,1350.0
2421,4.268,1.998,1.523,1447.0
2422,3.57,1.81,1.491,928.0
2423,4.283,1.923,1.487,1343.0
2424,4.283,1.923,1.473,1423.0
2425,4.105,1.8155,1.498,1305.5
2426,4.105,1.7785,1.502,1390.5
2427,4.286,1.822,1.502,1435.0
2428,4.286,1.822,1.49,1527.5
2429,4.376,1.8765,1.446,1381.5
2432,4.875,2.062,1.834,1808.0
2433,4.891,2.2625,1.9925,2461.0
2434,5.091,2.2625,1.9695,2311.5
2435,4.802,2.09,1.419,1540.0
2436,4.043,1.675,1.318,1192.5
2437,4.415,2.0175,1.4405,1544.0
2438,3.828,1.66,1.544,1096.0
2439,4.3095,2.027,1.467,1335.0
2440,4.436,2.027,1.4755,1397.5
2441,4.5815,2.027,1.5055,1533.0
2442,4.268,2.027,1.442,1325.5
2443,4.436,2.027,1.4515,1468.0
2444,4.252,2.044,1.4185,1492.5
2445,4.246,2.044,1.423,1420.5
2446,4.35,2.044,1.414,1539.0
2447,4.204,1.946,1.592,1428.0
2448,4.534,1.781,1.504,1444.5
2449,4.199,2.048,1.479,1254.0
2450,4.213,2.048,1.501,1369.0
2451,4.213,2.048,1.501,1471.0
2452,4.556,1.781,1.504,1346.0
2453,4.204,1.8845,1.482,1365.5
2454,4.204,2.01,1.485,1352.0
2455,4.206,1.956,1.58,1455.5
2456,4.246,2.01,1.465,1524.0
2457,4.397,1.869,1.479,1380.5
2458,4.149,1.8765,1.4375,1301.0
2459,4.047,1.8305,1.418,1189.5
2460,4.3415,1.8025,1.43,1230.0
2461,4.178,1.7995,1.415,1175.0
2464,4.6515,2.02,1.482,1330.5
2465,4.554,2.01,1.459,1500.5
2467,3.527,1.884,1.4595,1002.5
2468,4.769,1.82,1.47,1525.0
2471,4.774,1.82,1.517,1621.5
2472,4.799,1.855,1.417,1531.0
2473,4.765,2.004,1.472,1597.5
2474,4.7695,1.912,1.4945,1718.0
2475,4.703,1.912,1.462,1552.0
2477,4.672,1.74,1.4775,1394.0
2478,3.686,1.74,1.4825,1459.0
2480,4.5885,1.826,1.43,1262.5
2484,5.117,1.9055,1.45,2373.5
2485,3.9855,1.901,1.4685,1098.0
2486,3.9765,1.901,1.4525,1245.5
2487,3.9065,1.786,1.466,1316.0
2489,3.912,1.786,1.467,1173.0
2490,3.743,1.832,1.418,1036.5
2492,4.137,1.72,1.433,1058.0
2493,3.7115,1.7415,1.42,995.0
2494,4.137,1.64,1.422,1140.0
2495,4.137,1.64,1.433,1170.0
2499,4.256,1.945,1.405,1299.5
2500,4.252,1.945,1.4,1359.5
2502,4.634,2.142,1.731,1801.0
2503,4.621,2.1545,1.73,1761.0
2504,4.4295,1.925,1.703,1571.0
2505,4.798,2.074,1.709,2212.5
2506,4.754,2.079,1.7145,2449.5
2508,4.397,1.9375,1.634,1533.0
2509,4.399,1.93,1.6275,1541.0
2511,4.761,2.04,1.437,1798.0
2512,4.963,2.019,1.443,1844.5
2513,4.784,2.04,1.5015,1768.5
2514,4.7725,2.04,1.4685,1820.5
2515,4.936,2.0355,1.509,1854.5
2516,4.936,2.052,1.543,1856.0
2517,4.425,2.034,1.658,1619.0
2518,4.425,2.034,1.658,2129.0
2519,4.688,2.117,1.658,1945.0
2520,4.9515,2.14,1.776,2122.0
2526,4.334,1.683,1.384,1051.0
2527,4.379,1.683,1.38,1055.0
2528,4.2635,1.7055,1.3215,1016.5
2533,4.684,1.756,1.4,1387.5
2534,4.684,1.756,1.43,1469.0
2535,3.823,1.751,1.4275,1400.0
2536,4.873,1.751,1.41,1400.0
2537,4.9355,1.751,1.435,1489.5
2538,4.8555,1.751,1.45,1489.5
2539,4.259,2.039,1.447,1385.5
2540,4.5985,2.006,1.4,1717.5
2541,4.718,1.844,1.4245,1565.0
2542,3.69,1.82,1.41,1453.0
2543,4.472,1.896,1.453,1389.0
2544,4.4825,1.808,1.401,1273.0
2545,4.6315,2.097,1.484,1593.5
2546,4.635,2.097,1.539,1680.5
2547,4.6065,1.9375,1.4295,1540.0
2548,4.684,1.756,1.39,1470.0
2549,4.8525,2.106,1.4915,1698.5
2550,4.835,1.8315,1.63,1542.0
2551,4.9395,1.8285,1.42,1489.0
2552,4.3695,1.949,1.442,1430.5
2554,4.4825,1.8105,1.405,1280.5
2555,4.518,1.896,1.4545,1414.0
2556,4.6315,2.097,1.484,1755.0
2557,4.635,2.097,1.545,1698.5
2558,4.635,2.097,1.484,1781.0
2559,4.8185,2.106,1.364,1746.5
2560,4.7215,1.925,1.508,1608.5
2561,4.684,1.778,1.449,1534.5
2562,4.768,1.8655,1.45,1553.0
2563,4.6355,2.131,1.713,1795.5
2564,4.838,2.119,1.421,1826.0
2565,4.733,1.98,1.5005,1689.0
2566,4.8025,2.005,1.743,2098.5
