5.74135565e+03 1.71536005e+03 5.72500116e+03 1.72004352e+03
 5.71288226e+03 1.67772479e+03 5.72923676e+03 1.67304132e+03
 1.43909320e-01
3.31612469e+03 6.63396677e+03 3.30440900e+03 6.63831851e+03
 3.29038934e+03 6.60057504e+03 3.30210504e+03 6.59622330e+03
 1.10904895e-01
4.10207190e+03 7.26583215e+03 4.09379602e+03 7.29101099e+03
 4.07058392e+03 7.28338147e+03 4.07885980e+03 7.25820264e+03
 7.41133988e-02
2.53457037e+03 5.03770874e+02 2.40591156e+03 5.79784546e+02
 2.30747919e+03 4.13180359e+02 2.43613800e+03 3.37166687e+02
 6.84311092e-02
8.94729407e+03 3.76394104e+02 8.90934277e+03 3.99671448e+02
 8.88519006e+03 3.60292969e+02 8.92314136e+03 3.37015625e+02
 6.19068258e-02
8.29514950e+03 6.75238165e+03 8.29074395e+03 6.73522858e+03
 8.33962663e+03 6.72267377e+03 8.34403218e+03 6.73982684e+03
 5.35592400e-02
