5.19831622e+03 9.51576208e+03 5.17409467e+03 9.53517981e+03
 5.11197635e+03 9.45769360e+03 5.13619794e+03 9.43827588e+03
 9.99458253e-01
4.43580566e+03 9.05382312e+03 4.40743347e+03 9.06047009e+03
 4.38206738e+03 8.95219690e+03 4.41043958e+03 8.94554993e+03
 9.99440968e-01
4.57950482e+03 8.68917853e+03 4.54877252e+03 8.69585736e+03
 4.53172870e+03 8.61743170e+03 4.56246100e+03 8.61075287e+03
 9.99320388e-01
5.47220532e+03 9.79449207e+03 5.44683899e+03 9.82003613e+03
 5.37848218e+03 9.75215491e+03 5.40384851e+03 9.72661084e+03
 9.99198377e-01
4.46742706e+03 9.03211780e+03 4.43721832e+03 9.04018640e+03
 4.41579852e+03 8.95999158e+03 4.44600726e+03 8.95192297e+03
 9.98899102e-01
4.61007349e+03 8.68509357e+03 4.57856378e+03 8.69169775e+03
 4.56274176e+03 8.61620807e+03 4.59425140e+03 8.60960388e+03
 9.98876035e-01
4.64923108e+03 8.94659506e+03 4.61344824e+03 8.95895230e+03
 4.58038095e+03 8.86319931e+03 4.61616376e+03 8.85084207e+03
 9.98856544e-01
2.45024316e+03 5.68713141e+03 2.41757385e+03 5.69695538e+03
 2.38069775e+03 5.57432495e+03 2.41336707e+03 5.56450098e+03
 9.98718023e-01
4.36794855e+03 8.79871411e+03 4.33778070e+03 8.80739917e+03
 4.31300507e+03 8.72134058e+03 4.34317291e+03 8.71265552e+03
 9.98060405e-01
4.40088043e+03 8.90392188e+03 4.37076813e+03 8.91412228e+03
 4.34307135e+03 8.83235947e+03 4.37318365e+03 8.82215905e+03
 9.97751415e-01
5.07015198e+03 9.43147583e+03 5.04838306e+03 9.45159082e+03
 4.97047083e+03 9.36727234e+03 4.99223975e+03 9.34715735e+03
 9.97261167e-01
4.95896771e+03 9.25580530e+03 4.93237128e+03 9.28129248e+03
 4.86154291e+03 9.20738171e+03 4.88813934e+03 9.18189453e+03
 9.97111917e-01
4.87176398e+03 9.17304269e+03 4.85145807e+03 9.18908127e+03
 4.79935040e+03 9.12310953e+03 4.81965631e+03 9.10707095e+03
 9.96788979e-01
4.77541176e+03 8.90111584e+03 4.74493221e+03 8.91316943e+03
 4.71243794e+03 8.83100232e+03 4.74291750e+03 8.81894873e+03
 9.96788383e-01
4.76352771e+03 9.04954407e+03 4.73967786e+03 9.07390820e+03
 4.66023901e+03 8.99614612e+03 4.68408887e+03 8.97178198e+03
 9.96348202e-01
2.62893799e+03 6.02555457e+03 2.60676245e+03 6.04616138e+03
 2.54506369e+03 5.97976562e+03 2.56723920e+03 5.95915881e+03
 9.96160746e-01
2.39529572e+03 5.51218549e+03 2.37198041e+03 5.52379437e+03
 2.33783856e+03 5.45522382e+03 2.36115387e+03 5.44361493e+03
 9.96041775e-01
4.63984216e+03 8.79849890e+03 4.60868237e+03 8.80636157e+03
 4.58765167e+03 8.72301733e+03 4.61881152e+03 8.71515466e+03
 9.95866179e-01
4.60127167e+03 8.81067323e+03 4.57074994e+03 8.81485048e+03
 4.55915082e+03 8.73009995e+03 4.58967255e+03 8.72592270e+03
 9.94682133e-01
2.81722150e+03 6.14423798e+03 2.80485236e+03 6.17833221e+03
 2.71704901e+03 6.14647784e+03 2.72941815e+03 6.11238361e+03
 9.92329180e-01
4.32767770e+03 8.63192477e+03 4.30562482e+03 8.61701083e+03
 4.35741086e+03 8.54043607e+03 4.37946378e+03 8.55535001e+03
 9.86748219e-01
2.92018515e+03 6.18908496e+03 2.91635172e+03 6.21426099e+03
 2.84758286e+03 6.20378992e+03 2.85141629e+03 6.17861389e+03
 9.81884301e-01
4.67252374e+03 8.93655615e+03 4.64772284e+03 8.94287012e+03
 4.62310480e+03 8.84617126e+03 4.64790570e+03 8.83985730e+03
 9.73979950e-01
2.55725943e+03 5.95249612e+03 2.54276419e+03 5.96760342e+03
 2.49386398e+03 5.92068436e+03 2.50835922e+03 5.90557706e+03
 9.67085481e-01
2.36973907e+03 5.66452399e+03 2.34445770e+03 5.67179291e+03
 2.32231390e+03 5.59477673e+03 2.34759528e+03 5.58750781e+03
 9.66397882e-01
9.67439886e+03 3.38714246e+03 9.67064630e+03 3.37071417e+03
 9.70887018e+03 3.36198297e+03 9.71262274e+03 3.37841125e+03
 9.63082433e-01
7.87014415e+03 4.68576157e+03 7.86547087e+03 4.66625140e+03
 7.91580968e+03 4.65419375e+03 7.92048296e+03 4.67370393e+03
 9.59701180e-01
5.09570560e+03 9.40267706e+03 5.06849051e+03 9.42778650e+03
 4.99443442e+03 9.34752016e+03 5.02164951e+03 9.32241071e+03
 9.38003540e-01
5.00786261e+03 7.05548157e+02 4.99837085e+03 6.89085754e+02
 5.03702100e+03 6.66801208e+02 5.04651276e+03 6.83263611e+02
 9.34550941e-01
3.61211047e+03 2.04820922e+03 3.61213184e+03 2.05453785e+03
 3.59302161e+03 2.05460234e+03 3.59300024e+03 2.04827371e+03
 9.33920026e-01
5.85606230e+03 2.18008163e+02 5.84592287e+03 2.03073654e+02
 5.88394115e+03 1.77262039e+02 5.89408057e+03 1.92196548e+02
 9.23732638e-01
1.07008405e+03 7.58668924e+03 1.04833014e+03 7.58885049e+03
 1.04392938e+03 7.54455594e+03 1.06568329e+03 7.54239468e+03
 9.08912301e-01
5.35559521e+03 9.69744247e+03 5.33700049e+03 9.71416965e+03
 5.25230286e+03 9.62001578e+03 5.27089758e+03 9.60328860e+03
 8.98372233e-01
7.22622223e+03 6.30830261e+02 7.21040900e+03 6.39907745e+02
 7.19005157e+03 6.04444595e+02 7.20586481e+03 5.95367111e+02
 8.07412148e-01
4.10560486e+02 5.17324400e+03 3.94805481e+02 5.18089030e+03
 3.76282471e+02 5.14272404e+03 3.92037476e+02 5.13507775e+03
 7.61079729e-01
9.71448102e+03 1.45584637e+03 9.70866290e+03 1.44001898e+03
 9.72815271e+03 1.43285455e+03 9.73397083e+03 1.44868195e+03
 7.20733106e-01
7.04916809e+02 5.25223914e+03 6.88311096e+02 5.26273053e+03
 6.64620544e+02 5.22523333e+03 6.81226257e+02 5.21474194e+03
 7.19135225e-01
6.66306551e+03 3.05538824e+03 6.65619350e+03 3.05537390e+03
 6.65623027e+03 3.03773004e+03 6.66310228e+03 3.03774438e+03
 7.06167877e-01
9.13235037e+03 3.56664514e+03 9.12735977e+03 3.55143286e+03
 9.17046555e+03 3.53729144e+03 9.17545615e+03 3.55250372e+03
 6.88620567e-01
1.51251678e+03 2.68618533e+03 1.50348230e+03 2.67573779e+03
 1.53988892e+03 2.64425534e+03 1.54892334e+03 2.65470288e+03
 6.84094787e-01
1.96524109e+02 6.69484690e+03 1.68451294e+02 6.69460450e+03
 1.68782532e+02 6.65624372e+03 1.96855347e+02 6.65648613e+03
 6.74939334e-01
7.21840466e+03 1.44142075e+03 7.20309082e+03 1.45109390e+03
 7.17940417e+03 1.41359518e+03 7.19471802e+03 1.40392203e+03
 6.70913458e-01
9.70619977e+03 1.43292694e+03 9.70053546e+03 1.41345563e+03
 9.72578821e+03 1.40610944e+03 9.73145251e+03 1.42558075e+03
 6.66658223e-01
4.82859325e+03 9.01017792e+03 4.81514058e+03 8.99049225e+03
 4.86377040e+03 8.95725995e+03 4.87722305e+03 8.97694562e+03
 6.54585838e-01
1.55115417e+03 8.50242249e+03 1.53669788e+03 8.50140308e+03
 1.54003809e+03 8.45403174e+03 1.55449438e+03 8.45505115e+03
 6.48548722e-01
6.57040726e+02 6.02702185e+03 6.56787247e+02 6.00710718e+03
 6.96554642e+02 6.00660095e+03 6.96808121e+02 6.02651562e+03
 6.33301497e-01
8.14800500e+03 1.89534125e+03 8.14211090e+03 1.87644586e+03
 8.18485193e+03 1.86311359e+03 8.19074603e+03 1.88200897e+03
 6.19650066e-01
1.21813501e+03 6.70216923e+03 1.20093945e+03 6.70211028e+03
 1.20105933e+03 6.66715058e+03 1.21825488e+03 6.66720952e+03
 6.14867747e-01
5.12174524e+03 1.73389709e+03 5.11521113e+03 1.71243542e+03
 5.14923262e+03 1.70207739e+03 5.15576673e+03 1.72353906e+03
 5.80935597e-01
8.95665179e+03 3.61426408e+03 8.95113385e+03 3.59208645e+03
 9.00065021e+03 3.57976655e+03 9.00616815e+03 3.60194418e+03
 5.67541540e-01
5.13354249e+03 6.31242569e+02 5.12216055e+03 6.36448639e+02
 5.11563566e+03 6.22183411e+02 5.12701760e+03 6.16977341e+02
 5.35842240e-01
7.91271954e+03 4.64265642e+03 7.90000595e+03 4.64327831e+03
 7.89905569e+03 4.62385165e+03 7.91176929e+03 4.62322976e+03
 5.27714431e-01
3.50314880e+02 5.20331924e+03 3.35869385e+02 5.19290314e+03
 3.59262268e+02 5.16046084e+03 3.73707764e+02 5.17087695e+03
 4.98878032e-01
6.69928955e+02 6.69576651e+03 6.37492920e+02 6.69463336e+03
 6.38843872e+02 6.65596244e+03 6.71279907e+02 6.65709560e+03
 4.96929735e-01
3.87100134e+03 6.66048218e+03 3.86264636e+03 6.64584973e+03
 3.89250745e+03 6.62879938e+03 3.90086243e+03 6.64343182e+03
 4.83653665e-01
6.58858887e+03 4.08790778e+03 6.58809100e+03 4.10432294e+03
 6.54344806e+03 4.10296899e+03 6.54394592e+03 4.08655383e+03
 4.80093688e-01
8.70576007e+03 8.53332535e+03 8.69993771e+03 8.51451199e+03
 8.73897333e+03 8.50243124e+03 8.74479572e+03 8.52124460e+03
 4.70351815e-01
9.83896649e+03 3.36913348e+03 9.83545612e+03 3.35601825e+03
 9.87346979e+03 3.34584381e+03 9.87698016e+03 3.35895905e+03
 4.68922198e-01
6.49011908e+03 4.52904990e+03 6.48603973e+03 4.51259525e+03
 6.53286688e+03 4.50098618e+03 6.53694623e+03 4.51744083e+03
 4.68679219e-01
7.23839427e+03 6.24757141e+02 7.23399124e+03 6.17323914e+02
 7.24940059e+03 6.08196350e+02 7.25380362e+03 6.15629578e+02
 4.48448926e-01
9.93423737e+03 7.62008673e+03 9.91252222e+03 7.62353192e+03
 9.90376447e+03 7.56833087e+03 9.92547961e+03 7.56488568e+03
 4.46786135e-01
4.31863556e+02 5.15608065e+03 4.18567047e+02 5.16452522e+03
 3.98790192e+02 5.13338525e+03 4.12086700e+02 5.12494068e+03
 4.44681168e-01
6.78057944e+03 5.39310425e+02 6.76593199e+03 5.46495483e+02
 6.74663826e+03 5.07163605e+02 6.76128571e+03 4.99978485e+02
 4.43539828e-01
9.82913867e+03 3.56538235e+03 9.81386926e+03 3.57828244e+03
 9.78543726e+03 3.54462845e+03 9.80070667e+03 3.53172836e+03
 4.38066274e-01
5.67987344e+03 1.73230646e+03 5.66218755e+03 1.73722198e+03
 5.64900805e+03 1.68980267e+03 5.66669394e+03 1.68488715e+03
 4.36359048e-01
9.75073712e+03 1.42366550e+03 9.73078166e+03 1.42657925e+03
 9.72809212e+03 1.40815952e+03 9.74804758e+03 1.40524576e+03
 4.35718447e-01
1.48819733e+02 5.47475446e+03 1.29994293e+02 5.47553046e+03
 1.28126801e+02 5.43022791e+03 1.46952240e+02 5.42945190e+03
 4.21027988e-01
8.71279942e+03 8.38536047e+03 8.70519279e+03 8.38637939e+03
 8.70262498e+03 8.36721069e+03 8.71023162e+03 8.36619177e+03
 4.05818254e-01
7.75550202e+03 3.49964459e+03 7.75238029e+03 3.48779266e+03
 7.79239214e+03 3.47725372e+03 7.79551388e+03 3.48910565e+03
 3.90646964e-01
4.87707300e+03 9.21295233e+03 4.86547754e+03 9.21605408e+03
 4.86119958e+03 9.20006158e+03 4.87279504e+03 9.19695978e+03
 3.86140943e-01
3.82419038e+03 6.68354320e+03 3.81560661e+03 6.66649561e+03
 3.85544687e+03 6.64643535e+03 3.86403061e+03 6.66348294e+03
 3.83319587e-01
1.83037225e+03 7.64963336e+03 1.82735809e+03 7.63244696e+03
 1.86568451e+03 7.62572528e+03 1.86869867e+03 7.64291168e+03
 3.82589668e-01
4.63322614e+03 9.21565979e+02 4.62473517e+03 9.09001892e+02
 4.65525043e+03 8.88379150e+02 4.66374139e+03 9.00943237e+02
 3.74304235e-01
7.81538544e+03 3.43667560e+03 7.79650497e+03 3.44168390e+03
 7.78592523e+03 3.40180005e+03 7.80480569e+03 3.39679175e+03
 3.73854071e-01
2.09052688e+03 7.38692163e+03 2.07838854e+03 7.37246277e+03
 2.11829861e+03 7.33895789e+03 2.13043694e+03 7.35341675e+03
 3.72212470e-01
2.84573395e+02 5.23745896e+03 2.79712128e+02 5.22475906e+03
 3.11943146e+02 5.21242165e+03 3.16804413e+02 5.22512156e+03
 3.70441675e-01
7.20469836e+03 1.45469263e+03 7.19020630e+03 1.46329248e+03
 7.16448804e+03 1.41995349e+03 7.17898010e+03 1.41135364e+03
 3.67564052e-01
2.59212193e+03 3.71614502e+03 2.57336686e+03 3.72046008e+03
 2.56363128e+03 3.67814526e+03 2.58238634e+03 3.67383020e+03
 3.65503609e-01
4.51024963e+02 5.40008133e+03 4.36187561e+02 5.40772653e+03
 4.17076172e+02 5.37063629e+03 4.31913574e+02 5.36299106e+03
 3.60642433e-01
1.38846645e+01 8.71565574e+03 1.24011097e+01 8.70588425e+03
 2.69259396e+01 8.70367902e+03 2.84094944e+01 8.71345051e+03
 3.59740794e-01
9.71656696e+03 4.71180579e+03 9.67578461e+03 4.70528210e+03
 9.70604547e+03 4.51610852e+03 9.74682788e+03 4.52263220e+03
 3.45089704e-01
3.83997272e+03 3.00822540e+03 3.83875751e+03 3.02302826e+03
 3.80389557e+03 3.02016644e+03 3.80511078e+03 3.00536359e+03
 3.35576177e-01
1.24868292e+03 5.99684613e+03 1.23421631e+03 5.99659088e+03
 1.23490005e+03 5.95783881e+03 1.24936667e+03 5.95809406e+03
 3.21020246e-01
5.04646298e+03 6.19895398e+03 5.03426840e+03 6.18768292e+03
 5.06204739e+03 6.15762771e+03 5.07424197e+03 6.16889877e+03
 3.18624049e-01
9.00835571e+03 9.11549701e+03 8.99191925e+03 9.12102521e+03
 8.97918921e+03 9.08317633e+03 8.99562567e+03 9.07764813e+03
 3.12349200e-01
7.99672729e+03 7.24163867e+03 7.99237488e+03 7.26253786e+03
 7.94212341e+03 7.25207253e+03 7.94647583e+03 7.23117334e+03
 3.01365256e-01
4.97733380e+03 6.19950299e+03 4.96559711e+03 6.21156293e+03
 4.93690540e+03 6.18364032e+03 4.94864209e+03 6.17158038e+03
 3.00694823e-01
4.00892426e+02 3.59306989e+03 3.99732941e+02 3.58593036e+03
 4.15425385e+02 3.58338190e+03 4.16584869e+02 3.59052142e+03
 3.00582141e-01
3.97885883e+03 1.37809448e+03 3.96843176e+03 1.36046875e+03
 4.00337457e+03 1.33979712e+03 4.01380164e+03 1.35742285e+03
 2.97193468e-01
1.19001575e+03 6.70488891e+03 1.17446887e+03 6.70430154e+03
 1.17589209e+03 6.66663068e+03 1.19143896e+03 6.66721805e+03
 2.89775580e-01
5.79542422e+03 2.46926376e+02 5.78806345e+03 2.32778427e+02
 5.82238260e+03 2.14923172e+02 5.82974338e+03 2.29071121e+02
 2.83582687e-01
5.22490356e+02 3.71505835e+03 5.13601130e+02 3.71597620e+03
 5.11826414e+02 3.69878906e+03 5.20715639e+02 3.69787122e+03
 2.80041933e-01
5.28787781e+03 4.32985020e+03 5.27537366e+03 4.34343550e+03
 5.24153796e+03 4.31229237e+03 5.25404211e+03 4.29870708e+03
 2.69025147e-01
3.58356479e+03 6.45031195e+03 3.57940073e+03 6.44113422e+03
 3.61963251e+03 6.42288043e+03 3.62379657e+03 6.43205817e+03
 2.63942838e-01
9.79709000e+03 3.57217133e+03 9.79074778e+03 3.57806659e+03
 9.77217384e+03 3.55808441e+03 9.77851605e+03 3.55218915e+03
 2.62572050e-01
3.02874689e+03 4.30824493e+03 3.02529718e+03 4.29342865e+03
 3.06589642e+03 4.28397589e+03 3.06934613e+03 4.29879218e+03
 2.62408286e-01
8.33036237e+03 3.32846246e+03 8.32628342e+03 3.30851227e+03
 8.37115982e+03 3.29933698e+03 8.37523877e+03 3.31928717e+03
 2.59798050e-01
4.92930200e+03 4.08358862e+03 4.91050342e+03 4.08291028e+03
 4.91235632e+03 4.03156567e+03 4.93115491e+03 4.03224402e+03
 2.59306222e-01
3.54943970e+03 6.50262311e+03 3.54189392e+03 6.48951410e+03
 3.58165570e+03 6.46662653e+03 3.58920154e+03 6.47973553e+03
 2.52453357e-01
1.00308344e+04 4.62238785e+03 1.00106205e+04 4.73058049e+03
 9.70780733e+03 4.67400526e+03 9.72802119e+03 4.56581263e+03
 2.51621902e-01
3.98907227e+03 9.81002287e+03 3.98154559e+03 9.81107093e+03
 3.97969324e+03 9.79776810e+03 3.98721991e+03 9.79672004e+03
 2.51230836e-01
2.67747687e+03 4.40118433e+03 2.65603070e+03 4.41930304e+03
 2.60713251e+03 4.36142487e+03 2.62857867e+03 4.34330615e+03
 2.50700980e-01
9.49785086e+03 7.71093079e+02 9.48878830e+03 7.51581238e+02
 9.53292307e+03 7.31082092e+02 9.54198563e+03 7.50593933e+02
 2.49675706e-01
4.64296969e+03 6.54967773e+03 4.62908414e+03 6.53745654e+03
 4.66092245e+03 6.50128223e+03 4.67480800e+03 6.51350342e+03
 2.48011589e-01
2.61836251e+03 3.71742517e+03 2.60103762e+03 3.72281055e+03
 2.58789049e+03 3.68051587e+03 2.60521538e+03 3.67513049e+03
 2.45230228e-01
5.12699166e+03 1.58460052e+03 5.12080107e+03 1.58469464e+03
 5.12053640e+03 1.56729266e+03 5.12672699e+03 1.56719855e+03
 2.43826672e-01
4.67044092e+03 5.18294700e+03 4.65688501e+03 5.19894595e+03
 4.61991809e+03 5.16762397e+03 4.63347400e+03 5.15162502e+03
 2.42237791e-01
3.37084277e+03 2.54892334e+03 3.35069080e+03 2.55592603e+03
 3.33487756e+03 2.51041943e+03 3.35502954e+03 2.50341675e+03
 2.37905562e-01
7.20142761e+02 3.12103259e+03 6.97316956e+02 3.07077667e+03
 1.05106946e+03 2.91010571e+03 1.07389514e+03 2.96036169e+03
 2.32882336e-01
4.18582025e+03 3.52636975e+03 4.17502899e+03 3.53495581e+03
 4.15046649e+03 3.50408484e+03 4.16125775e+03 3.49549878e+03
 2.32546538e-01
5.07869391e+03 9.38057147e+03 5.07280597e+03 9.38545172e+03
 5.06033038e+03 9.37040021e+03 5.06621832e+03 9.36551996e+03
 2.31172040e-01
9.68081870e+03 3.35152814e+03 9.67630093e+03 3.33506537e+03
 9.71551724e+03 3.32430353e+03 9.72003500e+03 3.34076630e+03
 2.30509341e-01
4.06221716e+03 7.22580872e+03 4.04665747e+03 7.21797252e+03
 4.06449963e+03 7.18254482e+03 4.08005933e+03 7.19038102e+03
 2.28580639e-01
7.97236972e+03 3.64888269e+03 7.95096078e+03 3.56372162e+03
 8.81492419e+03 3.34652692e+03 8.83633313e+03 3.43168793e+03
 2.27719501e-01
9.89561038e+03 7.72532547e+03 9.87603128e+03 7.72917037e+03
 9.86688562e+03 7.68259859e+03 9.88646472e+03 7.67875369e+03
 2.17558935e-01
7.95271136e+03 4.98890070e+03 7.94815680e+03 4.97252252e+03
 7.99015399e+03 4.96084363e+03 7.99470856e+03 4.97722180e+03
 2.11533934e-01
5.07482318e+03 9.42393103e+03 5.06751489e+03 9.41703650e+03
 5.08671582e+03 9.39668335e+03 5.09402411e+03 9.40357788e+03
 2.07967401e-01
8.33390367e+03 3.35282001e+03 8.33181975e+03 3.33655878e+03
 8.36754707e+03 3.33198029e+03 8.36963100e+03 3.34824152e+03
 2.04496056e-01
4.44798767e+02 5.22593804e+03 4.39110596e+02 5.21249682e+03
 4.72004517e+02 5.19857650e+03 4.77692688e+02 5.21201772e+03
 2.02534944e-01
7.53619675e+02 5.22782434e+03 7.37374771e+02 5.23679407e+03
 7.13698380e+02 5.19391443e+03 7.29943283e+02 5.18494470e+03
 2.01629549e-01
6.81636591e+03 5.21952148e+02 6.79722089e+03 5.31647461e+02
 6.77546808e+03 4.88692780e+02 6.79461310e+03 4.78997528e+02
 1.96449086e-01
1.77671112e+03 2.60257678e+03 1.75614410e+03 2.56055261e+03
 2.06681482e+03 2.40850720e+03 2.08738196e+03 2.45053137e+03
 1.95235476e-01
4.42676602e+03 5.61399603e+03 4.42643979e+03 5.63361597e+03
 4.30377042e+03 5.63157623e+03 4.30409668e+03 5.61195624e+03
 1.91526905e-01
3.66905575e+03 4.99136176e+03 3.65775257e+03 4.98636896e+03
 3.66606596e+03 4.96754816e+03 3.67736913e+03 4.97254095e+03
 1.88348129e-01
8.09282739e+03 4.33426794e+03 8.07616632e+03 4.26541699e+03
 8.73670154e+03 4.10557556e+03 8.75336267e+03 4.17442651e+03
 1.87595338e-01
4.60853894e+03 8.93280458e+03 4.60222052e+03 8.93402623e+03
 4.59787933e+03 8.91157335e+03 4.60419781e+03 8.91035170e+03
 1.86027989e-01
4.84541589e+03 9.12296851e+03 4.83561926e+03 9.11112561e+03
 4.84835254e+03 9.10059253e+03 4.85814917e+03 9.11243542e+03
 1.85460418e-01
4.57417377e+03 8.81408276e+03 4.57271387e+03 8.80531909e+03
 4.59770319e+03 8.80115613e+03 4.59916309e+03 8.80991980e+03
 1.85349867e-01
8.36287000e+03 8.36803088e+03 8.34268335e+03 8.37184802e+03
 8.33383606e+03 8.32505969e+03 8.35402271e+03 8.32124255e+03
 1.83320507e-01
5.64949276e+03 7.97770593e+03 5.64632195e+03 7.99397217e+03
 5.62716368e+03 7.99023761e+03 5.63033450e+03 7.97397137e+03
 1.82638317e-01
5.06407135e+03 9.41283441e+03 5.05849139e+03 9.40756805e+03
 5.07724902e+03 9.38769342e+03 5.08282898e+03 9.39295978e+03
 1.80915564e-01
9.84954021e+03 3.63872266e+03 9.83717412e+03 3.64077100e+03
 9.83476657e+03 3.62623645e+03 9.84713266e+03 3.62418811e+03
 1.80871546e-01
3.89405530e+03 1.39036005e+03 3.88473914e+03 1.37506378e+03
 3.91901343e+03 1.35418903e+03 3.92832959e+03 1.36948529e+03
 1.77870169e-01
6.07064270e+03 8.17192850e+03 6.05693311e+03 8.18907480e+03
 6.01338171e+03 8.15425247e+03 6.02709131e+03 8.13710617e+03
 1.76288441e-01
7.70725867e+03 4.30683954e+03 7.68712366e+03 4.31213068e+03
 7.67321204e+03 4.25919122e+03 7.69334705e+03 4.25390009e+03
 1.70196325e-01
5.63472131e+03 1.91159952e+03 5.61546338e+03 1.91634647e+03
 5.60422217e+03 1.87074173e+03 5.62348010e+03 1.86599478e+03
 1.70176834e-01
6.11245071e+02 3.72685669e+03 6.01054474e+02 3.72945605e+03
 5.96946762e+02 3.71335229e+03 6.07137360e+02 3.71075293e+03
 1.67409360e-01
3.67341840e+03 6.48573578e+03 3.66395270e+03 6.49087335e+03
 3.65440485e+03 6.47328180e+03 3.66387054e+03 6.46814423e+03
 1.65201440e-01
2.57242944e+03 3.43880890e+03 2.56114894e+03 3.43950128e+03
 2.55987285e+03 3.41871027e+03 2.57115335e+03 3.41801788e+03
 1.62512138e-01
5.00406323e+03 6.23476361e+03 4.99675952e+03 6.22476678e+03
 5.02768652e+03 6.20217133e+03 5.03499023e+03 6.21216815e+03
 1.60843834e-01
4.17597137e+02 3.59051880e+03 4.12159454e+02 3.58136646e+03
 4.47854706e+02 3.56015872e+03 4.53292389e+02 3.56931107e+03
 1.60271853e-01
7.96821768e+03 5.02079575e+03 7.96249118e+03 5.00550278e+03
 8.00190030e+03 4.99074594e+03 8.00762680e+03 5.00603891e+03
 1.59234405e-01
1.04947327e+02 7.51132870e+03 8.58045349e+01 7.50983884e+03
 8.99737244e+01 7.45626944e+03 1.09116516e+02 7.45775931e+03
 1.58527285e-01
5.71112909e+03 1.72443225e+03 5.69460596e+03 1.72895367e+03
 5.68153199e+03 1.68117621e+03 5.69805512e+03 1.67665479e+03
 1.54321223e-01
3.37578729e+03 5.12438529e+03 3.37578607e+03 5.12048203e+03
 3.39108978e+03 5.12047747e+03 3.39109100e+03 5.12438072e+03
 1.52642250e-01
3.65345325e+03 4.93651456e+03 3.64674963e+03 4.94803812e+03
 3.61606396e+03 4.93018741e+03 3.62276758e+03 4.91866385e+03
 1.51561111e-01
4.61148938e+03 8.58874362e+03 4.60669061e+03 8.59949527e+03
 4.59129706e+03 8.59262473e+03 4.59609576e+03 8.58187308e+03
 1.47344232e-01
7.17376111e+03 6.65472565e+02 7.16930784e+03 6.57611938e+02
 7.20363486e+03 6.38164726e+02 7.20808813e+03 6.46025360e+02
 1.44780532e-01
8.08684204e+03 1.91061737e+03 8.08266504e+03 1.89238605e+03
 8.12952600e+03 1.88164978e+03 8.13370300e+03 1.89988110e+03
 1.43528059e-01
2.21555688e+03 3.83389899e+03 2.20723779e+03 3.83350604e+03
 2.20867438e+03 3.80309149e+03 2.21699347e+03 3.80348444e+03
 1.41801700e-01
9.50484253e+03 3.46153088e+03 9.50171387e+03 3.44768347e+03
 9.53883490e+03 3.43929651e+03 9.54196356e+03 3.45314392e+03
 1.40320316e-01
5.11900226e+03 1.92681409e+03 5.11033417e+03 1.92695709e+03
 5.11002618e+03 1.90828687e+03 5.11869427e+03 1.90814386e+03
 1.39670044e-01
6.98110046e+03 6.65612507e+03 6.98077881e+03 6.66312124e+03
 6.96616174e+03 6.66244910e+03 6.96648340e+03 6.65545292e+03
 1.38227254e-01
 1.60399548e+03  2.72670860e+01  1.59329333e+03  3.72331657e+01
  1.56674451e+03  8.72355366e+00  1.57744666e+03 -1.24252605e+00
  1.38024181e-01
8.42506802e+03 3.28086412e+03 8.42079941e+03 3.26434569e+03
 8.45340042e+03 3.25592113e+03 8.45766904e+03 3.27243956e+03
 1.35896683e-01
6.20358807e+03 7.09958829e+03 6.19239484e+03 7.09132736e+03
 6.21097662e+03 7.06614981e+03 6.22216986e+03 7.07441074e+03
 1.35616079e-01
5.77340179e+03 1.53578516e+03 5.75300663e+03 1.53927002e+03
 5.74961823e+03 1.51943915e+03 5.77001338e+03 1.51595428e+03
 1.34773418e-01
9.26191833e+02 6.90597633e+03 9.25762268e+02 6.93569345e+03
 8.42803162e+02 6.93449429e+03 8.43232727e+02 6.90477718e+03
 1.34732813e-01
4.51622559e+02 5.14798936e+03 4.36893616e+02 5.15602938e+03
 4.19208923e+02 5.12363193e+03 4.33937866e+02 5.11559191e+03
 1.34486154e-01
8.79484470e+03 8.36723798e+03 8.78886697e+03 8.34749628e+03
 8.83195661e+03 8.33444879e+03 8.83793436e+03 8.35419049e+03
 1.33020014e-01
4.69711761e+03 8.83443739e+03 4.69409467e+03 8.82603916e+03
 4.71664496e+03 8.81792223e+03 4.71966791e+03 8.82632046e+03
 1.32895589e-01
7.69798697e+03 1.34308008e+03 7.69374729e+03 1.32762146e+03
 7.73444991e+03 1.31645837e+03 7.73868958e+03 1.33191699e+03
 1.32271677e-01
6.52382935e+02 6.05198859e+03 6.52543854e+02 6.03233209e+03
 6.93231171e+02 6.03266522e+03 6.93070251e+02 6.05232172e+03
 1.31863937e-01
8.87247870e+03 7.95243011e+03 8.85419818e+03 7.95389801e+03
 8.85067474e+03 7.91001874e+03 8.86895526e+03 7.90855084e+03
 1.31702393e-01
3.58852314e+03 6.49943384e+03 3.58097241e+03 6.48450488e+03
 3.64078437e+03 6.45425330e+03 3.64833511e+03 6.46918225e+03
 1.30879506e-01
9.22386383e+03 1.58541779e+03 9.20584702e+03 1.59089529e+03
 9.19354776e+03 1.55044010e+03 9.21156461e+03 1.54496260e+03
 1.30352780e-01
2.54344177e+03 3.43551538e+03 2.54101550e+03 3.42224438e+03
 2.55945874e+03 3.41887256e+03 2.56188501e+03 3.43214355e+03
 1.27011389e-01
8.71179156e+03 8.55606378e+03 8.70742743e+03 8.53908282e+03
 8.74528656e+03 8.52935309e+03 8.74965070e+03 8.54633405e+03
 1.25946209e-01
9.90109334e+03 9.88212367e+03 9.88837495e+03 9.88417604e+03
 9.88421977e+03 9.85842665e+03 9.89693816e+03 9.85637428e+03
 1.24000549e-01
5.95225681e+03 9.38529749e+03 5.93898239e+03 9.39984045e+03
 5.90452237e+03 9.36838635e+03 5.91779678e+03 9.35384338e+03
 1.23418182e-01
2.69249451e+03 8.20985195e+03 2.67462036e+03 8.21093056e+03
 2.67362781e+03 8.19448167e+03 2.69150195e+03 8.19340306e+03
 1.22011133e-01
7.28673059e+03 6.56045404e+03 7.26982715e+03 6.55377869e+03
 7.28641858e+03 6.51176587e+03 7.30332202e+03 6.51844122e+03
 1.21207945e-01
3.13168925e+03 5.01250946e+03 3.11587441e+03 5.01151031e+03
 3.11890707e+03 4.96351080e+03 3.13472191e+03 4.96450995e+03
 1.18341923e-01
8.47684183e+03 1.81001385e+03 8.47149454e+03 1.79040045e+03
 8.51026230e+03 1.77983099e+03 8.51560959e+03 1.79944440e+03
 1.17977150e-01
4.10508868e+03 4.15317932e+03 4.09548893e+03 4.15313196e+03
 4.09559981e+03 4.13065466e+03 4.10519956e+03 4.13070203e+03
 1.16388343e-01
7.68019088e+03 3.72639323e+03 7.65905470e+03 3.64323961e+03
 8.07089059e+03 3.53855821e+03 8.09202676e+03 3.62171183e+03
 1.15048781e-01
3.64102820e+03 5.07312796e+03 3.62471924e+03 5.06547684e+03
 3.64400635e+03 5.02436472e+03 3.66031531e+03 5.03201584e+03
 1.14842176e-01
6.67104982e+03 3.07786963e+03 6.65701279e+03 3.07935193e+03
 6.65537835e+03 3.06387360e+03 6.66941538e+03 3.06239136e+03
 1.13366745e-01
5.82523064e+03 7.92641486e+03 5.80636546e+03 7.92280133e+03
 5.81492287e+03 7.87812592e+03 5.83378804e+03 7.88173944e+03
 1.11896098e-01
1.52754120e+02 6.90665007e+03 1.39270081e+02 6.90708488e+03
 1.38564545e+02 6.88520564e+03 1.52048584e+02 6.88477083e+03
 1.09618522e-01
4.49987109e+03 5.54799701e+03 4.47884479e+03 5.56463190e+03
 4.43089075e+03 5.50401837e+03 4.45191705e+03 5.48738348e+03
 1.09614953e-01
3.65150119e+03 7.63396680e+03 3.63687791e+03 7.62518347e+03
 3.65723792e+03 7.59128601e+03 3.67186119e+03 7.60006934e+03
 1.09611042e-01
1.95783829e+03 3.63256421e+03 1.94454404e+03 3.57670532e+03
 2.58296082e+03 3.42476398e+03 2.59625500e+03 3.48062286e+03
 1.08599991e-01
4.71665894e+03 8.97863611e+03 4.71266760e+03 8.98202490e+03
 4.69852539e+03 8.96536816e+03 4.70251672e+03 8.96197937e+03
 1.08262345e-01
8.31070862e+03 8.60092627e+03 8.30574146e+03 8.58413184e+03
 8.34413379e+03 8.57277698e+03 8.34910095e+03 8.58957141e+03
 1.05452247e-01
1.57469611e+03 8.50061179e+03 1.55912018e+03 8.49947147e+03
 1.56227216e+03 8.45641757e+03 1.57784808e+03 8.45755789e+03
 1.04305916e-01
5.11995032e+03 1.68181555e+03 5.11538168e+03 1.66562683e+03
 5.13852740e+03 1.65909485e+03 5.14309604e+03 1.67528357e+03
 1.03672117e-01
4.34124847e+03 8.55924722e+03 4.33370477e+03 8.55381894e+03
 4.35017841e+03 8.53092545e+03 4.35772211e+03 8.53635373e+03
 1.03593960e-01
8.74915862e+03 8.72362061e+03 8.74508249e+03 8.70644880e+03
 8.78714400e+03 8.69646453e+03 8.79122012e+03 8.71363633e+03
 1.02996521e-01
9.27937976e+03 1.56241272e+03 9.26329163e+03 1.56677559e+03
 9.25536108e+03 1.53753154e+03 9.27144922e+03 1.53316868e+03
 1.01301678e-01
8.24836578e+01 6.90507352e+03 8.19237366e+01 6.88883575e+03
 1.19517776e+02 6.88753943e+03 1.20077698e+02 6.90377719e+03
 1.01148978e-01
6.65396923e+03 3.99759491e+03 6.65350784e+03 3.97305182e+03
 6.70641751e+03 3.97205719e+03 6.70687889e+03 3.99660028e+03
 9.92299691e-02
7.86742822e+03 1.88770120e+03 7.84935583e+03 1.89319345e+03
 7.83782446e+03 1.85524942e+03 7.85589685e+03 1.84975717e+03
 9.83060375e-02
9.22788934e+03 6.42386963e+02 9.22146992e+03 6.45866089e+02
 9.21185840e+03 6.28131348e+02 9.21827782e+03 6.24652222e+02
 9.77200493e-02
3.58937952e+03 6.48048978e+03 3.58298172e+03 6.46722641e+03
 3.64256458e+03 6.43848575e+03 3.64896240e+03 6.45174911e+03
 9.59039852e-02
1.57562280e+03 4.34400066e+03 1.55509668e+03 4.34467500e+03
 1.55358655e+03 4.29870946e+03 1.57411267e+03 4.29803511e+03
 9.54135805e-02
1.79922925e+03 6.50116205e+03 1.79907727e+03 6.49026410e+03
 1.83356812e+03 6.48978314e+03 1.83372009e+03 6.50068109e+03
 9.46592465e-02
4.34815260e+03 7.92694019e+03 4.34379066e+03 7.90386218e+03
 4.41984235e+03 7.88948779e+03 4.42420428e+03 7.91256580e+03
 9.44254473e-02
2.55959186e+03 3.70621259e+03 2.54167291e+03 3.70958624e+03
 2.53460138e+03 3.67202594e+03 2.55252032e+03 3.66865228e+03
 9.42271948e-02
8.80118335e+03 8.39608691e+03 8.79482532e+03 8.37730115e+03
 8.83477032e+03 8.36378174e+03 8.84112836e+03 8.38256750e+03
 9.09889191e-02
3.39222632e+03 2.54228949e+03 3.37366565e+03 2.54869635e+03
 3.35833545e+03 2.50428448e+03 3.37689612e+03 2.49787762e+03
 9.04975384e-02
1.53235956e+03 4.60714001e+03 1.52313629e+03 4.60718262e+03
 1.52309247e+03 4.59770447e+03 1.53231573e+03 4.59766187e+03
 8.99872705e-02
4.99327084e+03 4.49883163e+03 4.97767551e+03 4.49032712e+03
 4.99744064e+03 4.45408237e+03 5.01303598e+03 4.46258688e+03
 8.93560350e-02
9.76993695e+03 3.58307083e+03 9.75621185e+03 3.59388849e+03
 9.72812872e+03 3.55825757e+03 9.74185382e+03 3.54743988e+03
 8.93427953e-02
3.52741843e+03 6.66951110e+03 3.51823080e+03 6.67396439e+03
 3.51093741e+03 6.65891736e+03 3.52012503e+03 6.65446406e+03
 8.92304555e-02
2.86115295e+03 8.19362087e+03 2.86143005e+03 8.20478195e+03
 2.84126611e+03 8.20528259e+03 2.84098901e+03 8.19412150e+03
 8.84278864e-02
4.15863330e+03 1.23541769e+03 4.15148950e+03 1.22487982e+03
 4.18270520e+03 1.20371823e+03 4.18984900e+03 1.21425610e+03
 8.76818970e-02
9.85829114e+03 3.55664203e+03 9.84339160e+03 3.56693042e+03
 9.81965308e+03 3.53255249e+03 9.83455261e+03 3.52226410e+03
 8.47406611e-02
6.59759470e+03 5.12842317e+02 6.59745633e+03 5.27194406e+02
 6.58150497e+03 5.27040609e+02 6.58164334e+03 5.12688520e+02
 8.46282542e-02
8.30603223e+03 8.37320581e+03 8.29583400e+03 8.39387061e+03
 8.23325180e+03 8.36298584e+03 8.24345002e+03 8.34232104e+03
 8.38499069e-02
8.70514268e+03 8.04010986e+03 8.70348085e+03 8.02616357e+03
 8.73051046e+03 8.02294275e+03 8.73217229e+03 8.03688904e+03
 8.37610811e-02
5.64367822e+03 3.40820688e+03 5.63315234e+03 3.42435580e+03
 5.60030408e+03 3.40294522e+03 5.61082996e+03 3.38679630e+03
 8.36605355e-02
4.16063623e+03 6.75890750e+03 4.15528027e+03 6.77680434e+03
 4.11927710e+03 6.76602980e+03 4.12463306e+03 6.74813297e+03
 8.31495151e-02
9.31572643e+03 4.96508203e+03 9.29654631e+03 4.96181384e+03
 9.30438477e+03 4.91581238e+03 9.32356488e+03 4.91908057e+03
 8.30591545e-02
8.54963409e+03 8.75795434e+03 8.53068768e+03 8.76279313e+03
 8.52064130e+03 8.72345604e+03 8.53958771e+03 8.71861725e+03
 8.10561031e-02
5.26240784e+03 4.34941696e+03 5.25097693e+03 4.36212302e+03
 5.22716382e+03 4.34069983e+03 5.23859473e+03 4.32799377e+03
 7.95833468e-02
6.76304367e+02 6.65644597e+03 6.76139633e+02 6.66768602e+03
 6.63651382e+02 6.66750300e+03 6.63816116e+02 6.65626296e+03
 7.86390454e-02
8.65426428e+03 7.11264240e+03 8.64358527e+03 7.11551947e+03
 8.63619757e+03 7.08809833e+03 8.64687659e+03 7.08522125e+03
 7.83136860e-02
5.13853548e+03 1.60945648e+03 5.12044220e+03 1.61031525e+03
 5.11948191e+03 1.59008270e+03 5.13757520e+03 1.58922394e+03
 7.73958340e-02
3.73224115e+03 7.19130336e+03 3.71792340e+03 7.19984845e+03
 3.69931757e+03 7.16867328e+03 3.71363531e+03 7.16012819e+03
 7.54814148e-02
3.93209689e+03 4.09460138e+03 3.91622745e+03 4.10993115e+03
 3.89147122e+03 4.08430334e+03 3.90734067e+03 4.06897363e+03
 7.26431236e-02
8.29385329e+03 6.75244250e+03 8.28943113e+03 6.73484900e+03
 8.34041621e+03 6.72203369e+03 8.34483839e+03 6.73962720e+03
 7.18801022e-02
2.69236557e+03 8.19223499e+03 2.67262369e+03 8.19279041e+03
 2.67201146e+03 8.17103333e+03 2.69175334e+03 8.17047778e+03
 7.16650784e-02
5.80278705e+03 7.83713947e+03 5.78575006e+03 7.82702789e+03
 5.81055658e+03 7.78523138e+03 5.82759357e+03 7.79534296e+03
 7.15845525e-02
8.50532489e+03 4.10960543e+03 8.50512640e+03 4.09578772e+03
 8.52602087e+03 4.09548761e+03 8.52621936e+03 4.10930533e+03
 7.08815530e-02
4.74267432e+03 1.45796576e+03 4.73868347e+03 1.43801105e+03
 4.78484497e+03 1.42877899e+03 4.78883582e+03 1.44873370e+03
 7.07518235e-02
9.58321716e+03 8.69573334e+03 9.56558057e+03 8.69956036e+03
 9.55095551e+03 8.63216180e+03 9.56859210e+03 8.62833478e+03
 7.06303865e-02
6.48105798e+03 3.82097717e+03 6.46077209e+03 3.82510608e+03
 6.45014709e+03 3.77290356e+03 6.47043298e+03 3.76877466e+03
 7.00784028e-02
6.02257896e+02 3.73208344e+03 5.93862907e+02 3.73651593e+03
 5.87339699e+02 3.72416119e+03 5.95734688e+02 3.71972870e+03
 6.98908344e-02
3.20302551e+03 4.84759259e+03 3.18910132e+03 4.85786200e+03
 3.15596753e+03 4.81293622e+03 3.16989172e+03 4.80266681e+03
 6.91657737e-02
8.56088562e+02 6.93174622e+03 8.47000427e+02 6.93182776e+03
 8.46762268e+02 6.90529797e+03 8.55850403e+02 6.90521643e+03
 6.84430674e-02
8.71760220e+03 8.43906947e+03 8.70481719e+03 8.44127931e+03
 8.70207543e+03 8.42541682e+03 8.71486044e+03 8.42320699e+03
 6.74551651e-02
9.19800360e+03 7.23969523e+03 9.17866876e+03 7.24442626e+03
 9.16931952e+03 7.20621754e+03 9.18865436e+03 7.20148652e+03
 6.70959726e-02
2.60659418e+03 7.42473035e+03 2.58740631e+03 7.41533533e+03
 2.60919818e+03 7.37082886e+03 2.62838605e+03 7.38022388e+03
 6.69503659e-02
6.42751489e+03 2.96775165e+03 6.42548315e+03 2.95385675e+03
 6.46031763e+03 2.94876324e+03 6.46234937e+03 2.96265814e+03
 6.66487589e-02
1.00011642e+04 4.38462042e+03 9.99115649e+03 4.51404547e+03
 9.71960794e+03 4.49304816e+03 9.72961563e+03 4.36362311e+03
 6.62747547e-02
7.63604437e+03 6.65715443e+03 7.63592181e+03 6.67040345e+03
 7.61765326e+03 6.67023446e+03 7.61777582e+03 6.65698544e+03
 6.60817251e-02
8.19147781e+03 3.57208569e+03 8.18832406e+03 3.55706311e+03
 8.24355117e+03 3.54546906e+03 8.24670492e+03 3.56049164e+03
 6.59610182e-02
1.04622412e+03 7.47662958e+03 1.03185962e+03 7.47688123e+03
 1.03106970e+03 7.43178839e+03 1.04543420e+03 7.43153674e+03
 6.58746511e-02
8.58599963e+03 6.95590359e+03 8.48257434e+03 6.98132504e+03
 8.40291711e+03 6.65724516e+03 8.50634241e+03 6.63182372e+03
 6.56975061e-02
8.78482038e+03 8.85662994e+03 8.78028304e+03 8.84083527e+03
 8.82353570e+03 8.82841010e+03 8.82807304e+03 8.84420477e+03
 6.55500814e-02
1.22155174e+02 5.48382770e+03 1.02287331e+02 5.48462909e+03
 1.00310707e+02 5.43562408e+03 1.20178551e+02 5.43482269e+03
 6.46009520e-02
4.84260085e+03 5.86124353e+03 4.82784373e+03 5.88052124e+03
 4.77578218e+03 5.84066797e+03 4.79053929e+03 5.82139026e+03
 6.39106631e-02
6.54208740e+03 4.10676296e+03 6.54205969e+03 4.09677589e+03
 6.55526440e+03 4.09673930e+03 6.55529211e+03 4.10672638e+03
 6.31892681e-02
4.85105444e+03 8.88455518e+03 4.81480530e+03 8.89858826e+03
 4.76962061e+03 8.78187073e+03 4.80586975e+03 8.76783765e+03
 6.23335168e-02
7.17399463e+03 1.47350793e+03 7.15993457e+03 1.48135779e+03
 7.13578247e+03 1.43809845e+03 7.14984253e+03 1.43024860e+03
 6.22416213e-02
1.42383963e+03 6.59268561e+03 1.40509921e+03 6.59289044e+03
 1.40457761e+03 6.54516095e+03 1.42331802e+03 6.54495612e+03
 6.12740591e-02
9.07331735e+03 4.74540929e+03 9.04339200e+03 4.89904199e+03
 8.72581686e+03 4.83718312e+03 8.75574219e+03 4.68355043e+03
 6.10838383e-02
8.20504175e+03 1.04359326e+03 8.19213266e+03 1.04379410e+03
 8.19182987e+03 1.02433277e+03 8.20473896e+03 1.02413193e+03
 5.98311014e-02
4.09756378e+03 5.97236261e+03 4.07134448e+03 5.96217145e+03
 4.12803864e+03 5.81631256e+03 4.15425787e+03 5.82650372e+03
 5.95791601e-02
9.35016563e+03 1.54881230e+03 9.33253013e+03 1.55506014e+03
 9.32656492e+03 1.53822239e+03 9.34420042e+03 1.53197455e+03
 5.93014918e-02
9.83012085e+02 4.34774805e+03 9.79699341e+02 4.33188672e+03
 1.01498438e+03 4.32451721e+03 1.01829712e+03 4.34037854e+03
 5.88097200e-02
1.79269232e+03 2.15095490e+02 1.77754144e+03 2.23454254e+02
 1.75988641e+03 1.91453064e+02 1.77503729e+03 1.83094299e+02
 5.85545897e-02
9.33916628e+03 4.60878552e+03 9.33924894e+03 4.61583919e+03
 9.31099201e+03 4.61617034e+03 9.31090936e+03 4.60911666e+03
 5.78347333e-02
5.40115318e+01 2.55705212e+03 4.25088387e+01 2.56664978e+03
 2.13548870e+01 2.54129688e+03 3.28575783e+01 2.53169922e+03
 5.78024238e-02
2.16273218e+03 5.57655112e+03 2.14644067e+03 5.57905911e+03
 2.13900159e+03 5.53073575e+03 2.15529309e+03 5.52822775e+03
 5.75091317e-02
9.86076636e+03 1.28110254e+03 9.85576716e+03 1.26436037e+03
 9.89573508e+03 1.25242598e+03 9.90073428e+03 1.26916817e+03
 5.71824387e-02
5.83663147e+02 3.73951099e+03 5.73056946e+02 3.74347339e+03
 5.67059841e+02 3.72742090e+03 5.77666039e+02 3.72345850e+03
 5.70357814e-02
9.74976041e+03 9.58308911e+03 9.74509901e+03 9.56349329e+03
 9.78977929e+03 9.55286487e+03 9.79444069e+03 9.57246069e+03
 5.65593541e-02
8.46588858e+03 6.57739807e+03 8.45092477e+03 6.58265051e+03
 8.43805099e+03 6.54597400e+03 8.45301477e+03 6.54072156e+03
 5.65059595e-02
3.63093854e+03 5.04235092e+03 3.61273199e+03 5.03157413e+03
 3.63799750e+03 4.98888992e+03 3.65620404e+03 4.99966672e+03
 5.59956022e-02
4.39253125e+03 9.08266788e+03 4.38430615e+03 9.08534036e+03
 4.37825708e+03 9.06672336e+03 4.38648218e+03 9.06405087e+03
 5.59087694e-02
3.60282971e+03 6.52335822e+03 3.59162646e+03 6.49961200e+03
 3.65719910e+03 6.46867560e+03 3.66840234e+03 6.49242181e+03
 5.56921326e-02
6.61168903e+03 1.67272070e+03 6.60947583e+03 1.66050940e+03
 6.62804315e+03 1.65714417e+03 6.63025635e+03 1.66935547e+03
 5.55178411e-02
9.42870781e+03 5.30817331e+02 9.41492506e+03 5.15094897e+02
 9.42812373e+03 5.03524562e+02 9.44190648e+03 5.19246996e+02
 5.50968386e-02
6.58262256e+03 1.54789713e+03 6.58209619e+03 1.53664910e+03
 6.59676044e+03 1.53596290e+03 6.59728680e+03 1.54721094e+03
 5.45803830e-02
8.53120306e+03 8.39771729e+03 8.52635138e+03 8.38247583e+03
 8.56174506e+03 8.37120911e+03 8.56659674e+03 8.38645056e+03
 5.43026663e-02
5.75332286e+03 1.71367841e+03 5.74342247e+03 1.71607834e+03
 5.73229515e+03 1.67017477e+03 5.74219554e+03 1.66777484e+03
 5.40418141e-02
1.18689857e+02 3.28321283e+03 1.10693260e+02 3.28799249e+03
 1.01248970e+02 3.27219159e+03 1.09245567e+02 3.26741193e+03
 5.37616089e-02
4.68929420e+03 6.49702484e+03 4.67485138e+03 6.48441864e+03
 4.70253795e+03 6.45269830e+03 4.71698077e+03 6.46530450e+03
 5.30467443e-02
7.23488525e+02 7.15452216e+03 7.23050781e+02 7.17061279e+03
 4.51603882e+02 7.16322736e+03 4.52041687e+02 7.14713666e+03
 5.26493043e-02
2.92750998e+03 8.19266074e+03 2.92759262e+03 8.20097367e+03
 2.90611386e+03 8.20118720e+03 2.90603122e+03 8.19287427e+03
 5.12839295e-02
5.54175385e+03 6.45092130e+03 5.53674835e+03 6.45543735e+03
 5.51493292e+03 6.43125748e+03 5.51993842e+03 6.42674142e+03
 5.10239936e-02
3.79374255e+03 6.20287236e+03 3.77529919e+03 6.21143598e+03
 3.75489526e+03 6.16749231e+03 3.77333862e+03 6.15892869e+03
 5.06932363e-02
8.84996603e+03 2.55147992e+03 8.84747675e+03 2.54047260e+03
 8.87533920e+03 2.53417157e+03 8.87782849e+03 2.54517889e+03
 5.02594896e-02
