5.63850018e+03 2.85183563e+03 5.63919305e+03 2.96084564e+03
 5.53559332e+03 2.96150415e+03 5.53490045e+03 2.85249414e+03
 3.10602903e-01
6.58390320e+02 8.35823807e+03 6.13103577e+02 8.57768661e+03
 3.89497742e+02 8.53154199e+03 4.34784485e+02 8.31209343e+03
 1.24098048e-01
9.40842706e+03 7.17531079e+03 9.40344342e+03 7.12990540e+03
 9.47580670e+03 7.12196277e+03 9.48079034e+03 7.16736816e+03
 1.00244500e-01
2.09945581e+03 4.36182904e+03 2.09945520e+03 4.32734055e+03
 2.13334753e+03 4.32734000e+03 2.13334814e+03 4.36182849e+03
 8.35896805e-02
5.49361938e+03 3.06964575e+03 5.49360022e+03 3.05622925e+03
 5.52268457e+03 3.05618787e+03 5.52270374e+03 3.06960437e+03
 5.69216311e-02
