2.53973853e+03 5.44534851e+02 2.42087720e+03 6.05570374e+02
 2.31670105e+03 4.02696625e+02 2.43556238e+03 3.41661102e+02
 7.52329528e-01
2.45001816e+03 6.75776566e+02 2.40258670e+03 5.79411667e+02
 2.52441147e+03 5.19448650e+02 2.57184296e+03 6.15813553e+02
 6.40060186e-01
3.08450994e+03 1.03890100e+03 3.07790854e+03 9.10564026e+02
 3.38205917e+03 8.94919128e+02 3.38866055e+03 1.02325616e+03
 5.33284068e-01
7.89887988e+03 4.45939368e+03 7.76548450e+03 4.49022351e+03
 7.72817529e+03 4.32879309e+03 7.86157068e+03 4.29796326e+03
 3.36408496e-01
1.75190395e+03 1.24346024e+03 1.68310918e+03 1.00891446e+03
 2.04734470e+03 9.02080315e+02 2.11613947e+03 1.13662609e+03
 2.32532129e-01
2.88250513e+03 1.27055106e+03 2.85652197e+03 1.08942876e+03
 3.04997009e+03 1.06167733e+03 3.07595325e+03 1.24279962e+03
 6.32119477e-02
