4.20262103e+03 5.62284589e+03 4.10228818e+03 5.62439911e+03
 4.10063837e+03 5.51783063e+03 4.20097122e+03 5.51627740e+03
 9.80588615e-01
3.62576588e+03 2.53076721e+03 3.58701124e+03 2.53277136e+03
 3.57685527e+03 2.33638831e+03 3.61560991e+03 2.33438416e+03
 8.35522294e-01
9.73306714e+03 5.62992054e+03 9.72197870e+03 5.81184177e+03
 9.47022235e+03 5.79649670e+03 9.48131085e+03 5.61457548e+03
 8.19500327e-01
5.13034839e+03 1.57249424e+03 5.12090447e+03 1.57261924e+03
 5.12063303e+03 1.55210961e+03 5.13007694e+03 1.55198462e+03
 6.92416489e-01
9.56442810e+03 5.12414645e+03 9.54324792e+03 5.33322144e+03
 9.20507816e+03 5.29896342e+03 9.22625833e+03 5.08988844e+03
 6.54320955e-01
1.55099002e+03 4.55348911e+03 1.53767698e+03 4.55335672e+03
 1.53910843e+03 4.40937448e+03 1.55242146e+03 4.40950687e+03
 6.19633019e-01
1.63569257e+03 4.72712402e+02 1.59669977e+03 4.98190613e+02
 1.56929315e+03 4.56246521e+02 1.60828595e+03 4.30768311e+02
 6.04482591e-01
7.20126493e+03 6.61560925e+03 7.16534640e+03 6.61403247e+03
 7.17033627e+03 6.50036292e+03 7.20625481e+03 6.50193970e+03
 4.78907287e-01
7.67727216e+03 3.07550754e+03 7.67823895e+03 3.09849261e+03
 7.64846014e+03 3.09974513e+03 7.64749335e+03 3.07676006e+03
 4.24987793e-01
 5.18844796e+03  7.87511063e+01  5.12260298e+03  8.14898605e+01
  5.11912183e+03 -2.20370460e+00  5.18496681e+03 -4.94245911e+00
  4.14715856e-01
2.67531331e+03 8.21471783e+03 2.67439320e+03 8.19594214e+03
 2.69395583e+03 8.19498347e+03 2.69487593e+03 8.21375916e+03
 3.90990406e-01
1.27706033e+03 5.61600592e+03 1.25786725e+03 5.62424774e+03
 1.24993771e+03 5.60578192e+03 1.26913080e+03 5.59754010e+03
 3.59528571e-01
9.36340308e+03 2.12048659e+03 9.34867325e+03 2.12609450e+03
 9.34282067e+03 2.11072207e+03 9.35755051e+03 2.10511416e+03
 3.07643294e-01
6.05561584e+02 2.33298065e+03 5.95917175e+02 2.31617389e+03
 6.19673523e+02 2.30254156e+03 6.29317932e+02 2.31934833e+03
 2.90343761e-01
4.24793144e+03 5.10480286e+03 4.24777583e+03 5.11862622e+03
 4.21443810e+03 5.11825098e+03 4.21459371e+03 5.10442761e+03
 2.87341744e-01
6.15245850e+03 8.46379803e+03 6.14794263e+03 8.48548132e+03
 6.12649066e+03 8.48101361e+03 6.13100653e+03 8.45933032e+03
 2.75863498e-01
5.78389185e+03 9.72397742e+03 5.77317239e+03 9.72990002e+03
 5.76656927e+03 9.71794885e+03 5.77728873e+03 9.71202625e+03
 2.60975957e-01
5.17070101e+03 2.31412790e+03 5.12023437e+03 2.31872482e+03
 5.11233224e+03 2.23197295e+03 5.16279887e+03 2.22737599e+03
 2.56807029e-01
6.66654165e+03 3.65108125e+03 6.65762887e+03 3.65125419e+03
 6.65643191e+03 3.58956872e+03 6.66534469e+03 3.58939577e+03
 2.48159796e-01
2.55880127e+03 7.68319521e+03 2.55840686e+03 7.69594382e+03
 2.48058044e+03 7.69353584e+03 2.48097485e+03 7.68078723e+03
 2.45841801e-01
4.63122431e+03 8.24756654e+03 4.61100967e+03 8.24757921e+03
 4.61097529e+03 8.19272764e+03 4.63118994e+03 8.19271497e+03
 1.71006724e-01
3.69260000e+03 5.12153040e+03 3.69161912e+03 5.12981545e+03
 3.65767249e+03 5.12579643e+03 3.65865337e+03 5.11751139e+03
 1.58310235e-01
9.73897544e+03 9.78978172e+03 9.72944996e+03 9.78969163e+03
 9.72963175e+03 9.77046981e+03 9.73915724e+03 9.77055989e+03
 1.55106455e-01
5.13044865e+03 1.55310684e+03 5.12054243e+03 1.55327131e+03
 5.12026433e+03 1.53652145e+03 5.13017055e+03 1.53635698e+03
 1.40685245e-01
6.17287115e+03 7.16978095e+03 6.17210248e+03 7.19709210e+03
 6.14576224e+03 7.19635075e+03 6.14653092e+03 7.16903960e+03
 1.38218418e-01
7.00768408e+03 9.21363154e+03 7.00269653e+03 9.24192984e+03
 6.95130823e+03 9.23287267e+03 6.95629578e+03 9.20457437e+03
 1.38129219e-01
7.24290957e+03 6.10510571e+03 7.24213084e+03 6.14202087e+03
 7.16948568e+03 6.14048840e+03 7.17026441e+03 6.10357324e+03
 1.29064158e-01
9.60391028e+03 4.10477661e+02 9.59092432e+03 4.12360046e+02
 9.58893994e+03 3.98670715e+02 9.60192590e+03 3.96788330e+02
 1.27418503e-01
5.12002686e+03 5.63165266e+03 5.12036230e+03 5.65106071e+03
 5.04577686e+03 5.65235007e+03 5.04544141e+03 5.63294201e+03
 1.25833526e-01
7.89432828e+03 1.18312262e+03 7.86333643e+03 1.19509833e+03
 7.84915491e+03 1.15839801e+03 7.88014676e+03 1.14642230e+03
 1.25228778e-01
5.12757969e+03 1.58608897e+03 5.12042346e+03 1.58610954e+03
 5.12037560e+03 1.56945883e+03 5.12753183e+03 1.56943826e+03
 1.23933099e-01
8.70332837e+03 9.66724536e+03 8.69212683e+03 9.66734033e+03
 8.69173853e+03 9.62155603e+03 8.70294006e+03 9.62146106e+03
 1.22363761e-01
4.67252397e+03 8.37358218e+03 4.60618852e+03 8.37203122e+03
 4.61036565e+03 8.19337271e+03 4.67670110e+03 8.19492366e+03
 1.21675402e-01
5.11665948e+03 3.36817014e+03 5.10416473e+03 3.36774918e+03
 5.10802545e+03 3.25315218e+03 5.12052026e+03 3.25357310e+03
 1.21373914e-01
8.75075724e+03 9.14529077e+03 8.70583262e+03 9.15024414e+03
 8.69391187e+03 9.04212915e+03 8.73883649e+03 9.03717578e+03
 1.12369522e-01
3.64257113e+03 5.12218110e+03 3.64277113e+03 5.13282254e+03
 3.58939309e+03 5.13382574e+03 3.58919309e+03 5.12318431e+03
 1.09357953e-01
7.80743610e+03 9.72020914e+03 7.79497003e+03 9.71531943e+03
 7.80142719e+03 9.69885709e+03 7.81389325e+03 9.70374680e+03
 1.01914823e-01
2.25380237e+03 4.73605896e+03 2.24472803e+03 4.73229248e+03
 2.24953284e+03 4.72071643e+03 2.25860718e+03 4.72448291e+03
 9.87165421e-02
3.24929816e+03 5.45811508e+02 3.24783112e+03 5.10314224e+02
 3.29314862e+03 5.08441265e+02 3.29461566e+03 5.43938549e+02
 9.52046737e-02
7.15058063e+03 5.13413236e+03 7.15039008e+03 5.12270118e+03
 7.16676276e+03 5.12242828e+03 7.16695331e+03 5.13385945e+03
 9.24645588e-02
4.92152335e+03 5.63262316e+03 4.92062790e+03 5.64094430e+03
 4.90129617e+03 5.63886404e+03 4.90219162e+03 5.63054290e+03
 9.22947973e-02
9.77700641e+03 1.69609192e+02 9.76643964e+03 1.74315857e+02
 9.76128705e+03 1.62747955e+02 9.77185382e+03 1.58041290e+02
 9.10223946e-02
3.57494316e+01 4.61885187e+03 3.51567039e+01 4.60830776e+03
 6.28795967e+01 4.60674935e+03 6.34723244e+01 4.61729347e+03
 9.01132002e-02
1.73389508e+03 4.74677734e+02 1.72149847e+03 4.83783813e+02
 1.71226190e+03 4.71209412e+02 1.72465851e+03 4.62103333e+02
 8.10680240e-02
5.63050494e+03 2.56365354e+03 5.63096344e+03 2.58969069e+03
 5.55147064e+03 2.59109034e+03 5.55101215e+03 2.56505318e+03
 8.09406117e-02
7.16475110e+03 5.12206799e+03 7.15296326e+03 5.12185535e+03
 7.15441711e+03 5.04130383e+03 7.16620496e+03 5.04151660e+03
 8.05448666e-02
7.40028094e+03 5.85310272e+03 7.38955573e+03 5.84947784e+03
 7.39464008e+03 5.83443451e+03 7.40536530e+03 5.83805939e+03
 7.68969730e-02
8.92632701e+03 6.00787326e+03 8.75316386e+03 6.04015604e+03
 8.67741066e+03 5.63381978e+03 8.85057381e+03 5.60153700e+03
 7.59583414e-02
8.92450250e+03 5.23881531e+03 8.65765628e+03 5.18712317e+03
 8.79647452e+03 4.47051321e+03 9.06332074e+03 4.52220541e+03
 7.28223994e-02
9.46269745e+03 5.35792053e+03 9.40697772e+03 5.69318628e+03
 8.94727422e+03 5.61678552e+03 9.00299396e+03 5.28151978e+03
 6.83180094e-02
6.67181319e+03 1.55819864e+03 6.65746440e+03 1.55852216e+03
 6.65698922e+03 1.53744659e+03 6.67133801e+03 1.53712308e+03
 6.68278039e-02
6.88808301e+03 1.55532036e+03 6.88803931e+03 1.53918622e+03
 6.94512415e+03 1.53903158e+03 6.94516785e+03 1.55516571e+03
 6.59849569e-02
7.16648303e+03 5.19460096e+03 7.15130408e+03 5.19496955e+03
 7.14969348e+03 5.12864564e+03 7.16487244e+03 5.12827704e+03
 6.58649653e-02
8.10640118e+03 4.16433977e+03 8.10542694e+03 4.09610512e+03
 8.19388733e+03 4.09484211e+03 8.19486145e+03 4.16307675e+03
 6.42845333e-02
5.63057129e+03 1.23885693e+03 5.62003479e+03 1.23897974e+03
 5.61971997e+03 1.21197302e+03 5.63025647e+03 1.21185022e+03
 6.30920306e-02
7.16274884e+03 5.12242796e+03 7.16309332e+03 5.14463205e+03
 7.09806610e+03 5.14564088e+03 7.09772162e+03 5.12343678e+03
 6.14375509e-02
6.93024734e+03 6.52535486e+03 6.92495871e+03 6.67325854e+03
 6.66639654e+03 6.66401306e+03 6.67168518e+03 6.51610938e+03
 6.03233688e-02
9.76448535e+03 7.90214713e+03 9.72646347e+03 7.90174094e+03
 9.72847446e+03 7.71349803e+03 9.76649633e+03 7.71390421e+03
 6.01432882e-02
5.64248829e+03 5.67620933e+03 5.63316808e+03 5.67624086e+03
 5.63307669e+03 5.64922750e+03 5.64239690e+03 5.64919597e+03
 5.95403090e-02
4.44276663e+03 5.60861383e+03 4.44163541e+03 5.63627942e+03
 4.29406096e+03 5.63024542e+03 4.29519215e+03 5.60257977e+03
 5.94334267e-02
9.75708303e+03 1.74427954e+03 9.71889438e+03 1.74649976e+03
 9.71589132e+03 1.69484583e+03 9.75407997e+03 1.69262561e+03
 5.85508309e-02
4.42158319e+03 3.07776855e+03 4.41856464e+03 3.05055988e+03
 4.46496063e+03 3.04541266e+03 4.46797919e+03 3.07262134e+03
 5.74103110e-02
5.04127960e+03 1.62733828e+03 5.03675635e+03 1.60147987e+03
 5.09475336e+03 1.59133483e+03 5.09927661e+03 1.61719324e+03
 5.41963167e-02
3.07055444e+03 7.54992294e+02 3.06483032e+03 7.54871292e+02
 3.06517603e+03 7.38519272e+02 3.07090015e+03 7.38640274e+02
 5.32301180e-02
8.74686761e+03 1.53831438e+03 8.74259613e+03 1.56184719e+03
 8.66461450e+03 1.54769249e+03 8.66888605e+03 1.52415968e+03
 5.29139005e-02
4.30051755e+03 6.20626630e+03 4.28622440e+03 6.20211823e+03
 4.29059406e+03 6.18706146e+03 4.30488721e+03 6.19120953e+03
 5.11524081e-02
