9.97753410e+03 5.12365104e+02 9.97752623e+03 5.18363530e+02
 9.96020537e+03 5.18340774e+02 9.96021324e+03 5.12342348e+02
 9.80700135e-01
6.04781500e+03 1.93125296e+03 6.04794965e+03 1.86702005e+03
 6.12054535e+03 1.86717221e+03 6.12041071e+03 1.93140512e+03
 9.29250598e-01
6.89612996e+03 5.73440796e+03 6.89567775e+03 5.69596997e+03
 6.93178024e+03 5.69554517e+03 6.93223245e+03 5.73398315e+03
 9.00661469e-01
9.42327127e+03 3.91293640e+02 9.42335300e+03 4.06384583e+02
 9.40839584e+03 4.06465576e+02 9.40831412e+03 3.91374634e+02
 8.65029752e-01
2.05821705e+03 2.64659485e+02 2.04710497e+03 2.64709290e+02
 2.04702348e+03 2.46522736e+02 2.05813557e+03 2.46472961e+02
 7.63652325e-01
9.49599609e+03 9.64246521e+03 9.48329480e+03 9.64251105e+03
 9.48324658e+03 9.62913788e+03 9.49594788e+03 9.62909204e+03
 6.38552904e-01
7.81105190e+03 3.32219086e+02 7.81113896e+03 3.46180695e+02
 7.79839323e+03 3.46260162e+02 7.79830618e+03 3.32298553e+02
 6.21627510e-01
5.51469717e+03 3.05875934e+03 5.51477341e+03 3.07002679e+03
 5.49844888e+03 3.07013727e+03 5.49837265e+03 3.05886981e+03
 5.61048746e-01
3.61039519e+03 6.81196519e+03 3.61035303e+03 6.82287663e+03
 3.59940921e+03 6.82283437e+03 3.59945137e+03 6.81192293e+03
 5.34459651e-01
1.53229620e+03 4.60768152e+03 1.52340570e+03 4.60778320e+03
 1.52329034e+03 4.59769727e+03 1.53218085e+03 4.59759558e+03
 4.64455932e-01
2.13332959e+03 4.32740839e+03 2.13306445e+03 4.36110406e+03
 2.09894714e+03 4.36083563e+03 2.09921228e+03 4.32713995e+03
 4.25101310e-01
4.26159712e+03 2.55354657e+03 4.26151189e+03 2.55960406e+03
 4.23995781e+03 2.55930072e+03 4.24004305e+03 2.55324323e+03
 4.17204022e-01
3.60591614e+03 6.80324376e+03 3.59487292e+03 6.80311531e+03
 3.59500354e+03 6.79188713e+03 3.60604675e+03 6.79201558e+03
 3.54391932e-01
4.85123621e+03 5.92249417e+03 4.85054382e+03 5.90787857e+03
 4.86462756e+03 5.90721133e+03 4.86531995e+03 5.92182693e+03
 3.27580154e-01
7.58952777e+03 2.17015497e+03 7.58887067e+03 2.18206744e+03
 7.57730743e+03 2.18142963e+03 7.57796454e+03 2.16951715e+03
 2.64946491e-01
9.49244852e+03 9.61354788e+03 9.49248489e+03 9.62647433e+03
 9.47889560e+03 9.62651260e+03 9.47885922e+03 9.61358615e+03
 2.46841431e-01
7.17566162e+03 5.12003533e+03 7.17568848e+03 5.12675030e+03
 7.15402850e+03 5.12683702e+03 7.15400165e+03 5.12012205e+03
 2.44842097e-01
5.94983038e+03 3.11566510e+03 5.94886871e+03 3.10463739e+03
 5.96060333e+03 3.10361407e+03 5.96156500e+03 3.11464178e+03
 2.37276539e-01
1.42332928e+03 5.73376331e+03 1.40743903e+03 5.73372238e+03
 1.40747687e+03 5.71902095e+03 1.42336713e+03 5.71906187e+03
 2.30623916e-01
6.67090946e+03 3.06385046e+03 6.67085367e+03 3.07090344e+03
 6.65514010e+03 3.07077917e+03 6.65519589e+03 3.06372620e+03
 2.30375782e-01
4.10618708e+03 4.15338452e+03 4.09603013e+03 4.15336731e+03
 4.09606499e+03 4.13274988e+03 4.10622194e+03 4.13276709e+03
 2.06923008e-01
4.36641730e+03 1.02441336e+03 4.36640753e+03 1.03538394e+03
 4.35035883e+03 1.03536974e+03 4.35036859e+03 1.02439916e+03
 1.86668828e-01
9.91255876e+03 2.56106299e+03 9.91232658e+03 2.57273178e+03
 9.87748756e+03 2.57203862e+03 9.87771974e+03 2.56036983e+03
 1.76312774e-01
1.53576555e+03 4.60673273e+03 1.53575943e+03 4.60013312e+03
 1.54942221e+03 4.60012042e+03 1.54942833e+03 4.60672003e+03
 1.63151219e-01
5.64222867e+03 5.67589329e+03 5.63304639e+03 5.67582190e+03
 5.63332383e+03 5.64013972e+03 5.64250612e+03 5.64021112e+03
 1.62275285e-01
8.50596307e+03 4.10881465e+03 8.50592413e+03 4.09625212e+03
 8.52488849e+03 4.09619337e+03 8.52492743e+03 4.10875590e+03
 1.58022970e-01
9.73817982e+03 9.82333740e+03 9.72836082e+03 9.82323401e+03
 9.72851472e+03 9.80862585e+03 9.73833372e+03 9.80872925e+03
 1.49410158e-01
1.54723425e+03 4.47937054e+03 1.53384412e+03 4.47903876e+03
 1.53420459e+03 4.46449054e+03 1.54759473e+03 4.46482233e+03
 1.47894844e-01
5.21701830e+03 4.75992305e+03 5.20684966e+03 4.76753889e+03
 5.19829086e+03 4.75611122e+03 5.20845950e+03 4.74849538e+03
 1.44962430e-01
6.66447942e+03 3.05612079e+03 6.65653539e+03 3.05608844e+03
 6.65660880e+03 3.03808234e+03 6.66455283e+03 3.03811469e+03
 1.21538155e-01
5.27655376e+03 5.68052893e+03 5.23714004e+03 5.67881982e+03
 5.23886022e+03 5.63915027e+03 5.27827394e+03 5.64085938e+03
 1.13377526e-01
6.60791013e+03 3.67519376e+03 6.59671048e+03 3.67999360e+03
 6.59135556e+03 3.66749866e+03 6.60255521e+03 3.66269883e+03
 1.07635692e-01
8.09347620e+03 1.09971143e+03 8.04444104e+03 1.10578992e+03
 8.03821643e+03 1.05557605e+03 8.08725159e+03 1.04949756e+03
 1.00667879e-01
5.24233184e+03 6.44203522e+03 5.23263500e+03 6.44046259e+03
 5.23500764e+03 6.42583289e+03 5.24470448e+03 6.42740552e+03
 1.00022271e-01
6.88284444e+03 7.80842419e+03 6.86574550e+03 7.80591431e+03
 6.86826521e+03 7.78874817e+03 6.88536415e+03 7.79125806e+03
 1.00021727e-01
6.34794417e+03 5.61873499e+03 6.34767549e+03 5.63071875e+03
 6.32244121e+03 5.63015295e+03 6.32270988e+03 5.61816919e+03
 9.90033671e-02
4.09281360e+03 7.73755769e+03 4.06462585e+03 7.73721052e+03
 4.06521106e+03 7.68969900e+03 4.09339880e+03 7.69004617e+03
 9.88925919e-02
5.25791162e+03 1.53558655e+03 5.25784692e+03 1.52988770e+03
 5.27914514e+03 1.52964600e+03 5.27920984e+03 1.53534485e+03
 9.31868851e-02
3.81306329e+03 7.27630688e+03 3.80263934e+03 7.27539783e+03
 3.80358966e+03 7.26450073e+03 3.81401361e+03 7.26540979e+03
 8.78415182e-02
8.19837402e+03 5.54864493e+03 8.19830603e+03 5.53479129e+03
 8.21298303e+03 5.53471921e+03 8.21305103e+03 5.54857285e+03
 8.49675611e-02
4.42994708e+03 5.61112781e+03 4.42992212e+03 5.63192847e+03
 4.30103215e+03 5.63177368e+03 4.30105714e+03 5.61097302e+03
 8.24911743e-02
6.15515462e+03 1.27950166e+03 6.14448245e+03 1.27963124e+03
 6.14424542e+03 1.26010814e+03 6.15491759e+03 1.25997856e+03
 8.19043964e-02
4.89364514e+03 5.93259106e+03 4.87559045e+03 5.93311206e+03
 4.87509900e+03 5.91608252e+03 4.89315369e+03 5.91556152e+03
 8.12025145e-02
3.62315963e+03 7.67156226e+03 3.62304961e+03 7.67874609e+03
 3.60502620e+03 7.67847009e+03 3.60513622e+03 7.67128625e+03
 7.79082477e-02
2.04713776e+03 1.65904639e+03 2.04346417e+03 1.65913574e+03
 2.04307220e+03 1.64302954e+03 2.04674579e+03 1.64294019e+03
 7.45265111e-02
7.53175366e+03 1.79746698e+03 7.53160889e+03 1.76631866e+03
 7.56319104e+03 1.76617181e+03 7.56333582e+03 1.79732013e+03
 7.41229951e-02
1.53313824e+03 7.93854239e+03 1.51415485e+03 7.93844601e+03
 1.51429181e+03 7.91146526e+03 1.53327521e+03 7.91156163e+03
 6.97712377e-02
3.66724407e+03 4.98968402e+03 3.65762844e+03 4.98536591e+03
 3.66566506e+03 4.96746979e+03 3.67528069e+03 4.97178790e+03
 6.95242584e-02
4.00519714e+03 7.35794983e+03 3.99442639e+03 7.35831042e+03
 3.99404938e+03 7.34704822e+03 4.00482013e+03 7.34668762e+03
 6.85047433e-02
9.42085968e+03 3.85628784e+02 9.40890131e+03 3.88517517e+02
 9.40526630e+03 3.73470154e+02 9.41722467e+03 3.70581421e+02
 6.38289899e-02
4.60634045e+03 3.88122693e+03 4.60191663e+03 3.88103479e+03
 4.60255579e+03 3.86631812e+03 4.60697961e+03 3.86651025e+03
 6.19992390e-02
2.62440912e+03 8.19060944e+03 2.62445062e+03 8.17421869e+03
 2.64425482e+03 8.17426886e+03 2.64421332e+03 8.19065961e+03
 6.17246330e-02
5.80494476e+03 4.24670789e+03 5.80367621e+03 4.28192029e+03
 5.76949469e+03 4.28068884e+03 5.77076324e+03 4.24547644e+03
 6.12521991e-02
4.11090670e+03 2.55219159e+03 4.11074479e+03 2.55864996e+03
 4.09985635e+03 2.55837701e+03 4.10001825e+03 2.55191864e+03
 6.03686161e-02
7.88549501e+03 9.14335379e+03 7.88536476e+03 9.16548642e+03
 7.86086156e+03 9.16534219e+03 7.86099181e+03 9.14320956e+03
 5.97281978e-02
3.98285681e+03 7.35200293e+03 3.97294202e+03 7.35065338e+03
 3.97447571e+03 7.33938544e+03 3.98439050e+03 7.34073499e+03
 5.80052994e-02
5.71219250e+03 5.11249530e+03 5.71212463e+03 5.11978973e+03
 5.69337683e+03 5.11961542e+03 5.69344470e+03 5.11232098e+03
 5.69058657e-02
9.84227669e+03 2.24208571e+03 9.82651282e+03 2.24569920e+03
 9.82184607e+03 2.22534044e+03 9.83760994e+03 2.22172694e+03
 5.41679487e-02
7.32853345e+03 1.59296893e+03 7.32896094e+03 1.62881842e+03
 7.28935388e+03 1.62929071e+03 7.28892639e+03 1.59344122e+03
 5.26818186e-02
6.25979010e+03 5.63070471e+03 6.25981671e+03 5.62061670e+03
 6.27758124e+03 5.62066345e+03 6.27755463e+03 5.63075146e+03
 5.05989455e-02
