2.55971375e+03 6.13527893e+02 2.45457446e+03 6.70222595e+02
 2.40603284e+03 5.80203064e+02 2.51117212e+03 5.23508362e+02
 2.52981097e-01
5.74050394e+03 1.71490823e+03 5.72413564e+03 1.71921088e+03
 5.71325893e+03 1.67783313e+03 5.72962723e+03 1.67353049e+03
 2.41433159e-01
2.54277667e+03 5.40141113e+02 2.42227319e+03 6.06189209e+02
 2.31290869e+03 4.06655609e+02 2.43341217e+03 3.40607574e+02
 8.32977593e-02
5.77423840e+03 1.70654411e+03 5.75572913e+03 1.71257133e+03
 5.74232861e+03 1.67141924e+03 5.76083789e+03 1.66539201e+03
 5.18901423e-02
