7.16996875e+03 7.89642499e+03 7.13530969e+03 7.89892413e+03
 7.13023169e+03 7.82850055e+03 7.16489075e+03 7.82600140e+03
 3.76254767e-01
7.29874866e+03 7.85823329e+03 7.23067700e+03 7.86857091e+03
 7.22085925e+03 7.80392226e+03 7.28893091e+03 7.79358464e+03
 1.00142561e-01
2.55479501e+03 6.25764771e+02 2.45151584e+03 6.70464844e+02
 2.40923160e+03 5.72767334e+02 2.51251077e+03 5.28067261e+02
 8.72583464e-02
6.89304095e+03 7.84141617e+03 6.84615924e+03 7.80368949e+03
 6.87739459e+03 7.76487442e+03 6.92427631e+03 7.80260109e+03
 7.37862065e-02
4.09838464e+03 1.58992678e+03 4.09490601e+03 1.53602041e+03
 4.16786326e+03 1.53131241e+03 4.17134188e+03 1.58521878e+03
 5.73087223e-02
