1.63044998e+03 4.77043671e+02 1.59740021e+03 4.97372040e+02
 1.57221663e+03 4.56428680e+02 1.60526640e+03 4.36100311e+02
 7.11570263e-01
4.09355444e+03 3.08095592e+03 4.09336938e+03 3.10129770e+03
 4.01446277e+03 3.10057998e+03 4.01464783e+03 3.08023820e+03
 5.00607491e-01
1.92900555e+03 3.60437964e+03 1.92423309e+03 3.58215039e+03
 2.04201984e+03 3.55686261e+03 2.04679230e+03 3.57909186e+03
 4.60547149e-01
1.96817505e+02 6.69450527e+03 1.66267761e+02 6.69417325e+03
 1.66678284e+02 6.65640093e+03 1.97228027e+02 6.65673294e+03
 3.15485060e-01
6.68813171e+02 6.69581771e+03 6.34476624e+02 6.69505622e+03
 6.35350525e+02 6.65564843e+03 6.69687073e+02 6.65640992e+03
 3.14393878e-01
8.63432217e+03 5.17743225e+03 8.62053598e+03 5.31008582e+03
 8.34383134e+03 5.28132898e+03 8.35761754e+03 5.14867542e+03
 3.06151181e-01
8.21809782e+03 3.61039646e+03 8.19196886e+03 3.61034274e+03
 8.19202298e+03 3.58401930e+03 8.21815194e+03 3.58407302e+03
 3.05459350e-01
-6.99904709e+01  8.69380338e+03 -7.58243484e+01  8.63328506e+03
  1.06353931e+03  8.52345200e+03  1.06937329e+03  8.58397031e+03
  2.91565120e-01
9.01440814e+03 4.89066235e+03 8.97794257e+03 5.04856531e+03
 8.68993756e+03 4.98205432e+03 8.72640314e+03 4.82415137e+03
 2.81661987e-01
3.58553029e+03 3.40691333e+03 3.57935693e+03 3.38425635e+03
 3.74227992e+03 3.33986462e+03 3.74845329e+03 3.36252161e+03
 2.64193416e-01
9.59669391e+03 5.03910553e+03 9.53925714e+03 5.30157074e+03
 9.24961867e+03 5.23818744e+03 9.30705544e+03 4.97572229e+03
 2.44547591e-01
2.72697830e+00 7.18572611e+03 2.68254089e+00 7.17214992e+03
 3.84074249e+01 7.17203298e+03 3.84518585e+01 7.18560918e+03
 2.27643698e-01
4.36346814e+03 8.53743524e+03 4.35543024e+03 8.51250470e+03
 4.39803125e+03 8.49876959e+03 4.40606915e+03 8.52370013e+03
 2.04023018e-01
3.53483264e+03 6.46595428e+03 3.51785315e+03 6.44062543e+03
 3.59104724e+03 6.39155865e+03 3.60802673e+03 6.41688751e+03
 1.99554488e-01
7.05144043e+02 7.15481274e+03 7.04553467e+02 7.17176404e+03
 4.59303864e+02 7.16322034e+03 4.59894379e+02 7.14626904e+03
 1.81554511e-01
6.15665654e+03 2.45595284e+01 6.14446539e+03 2.45159721e+01
 6.14454375e+03 2.58252835e+00 6.15673491e+03 2.62608600e+00
 1.72159687e-01
8.97662943e+03 1.56437316e+03 8.96521042e+03 1.56752743e+03
 8.95683957e+03 1.53722356e+03 8.96825858e+03 1.53406929e+03
 1.71953946e-01
3.59935308e+03 3.40058209e+03 3.58494580e+03 3.40266132e+03
 3.58142124e+03 3.37823938e+03 3.59582852e+03 3.37616016e+03
 1.70168608e-01
3.11436987e+03 8.74717091e+03 3.09765845e+03 8.82077203e+03
 2.58122906e+03 8.70351404e+03 2.59794061e+03 8.62991292e+03
 1.58299252e-01
4.40196286e+03 9.05277048e+03 4.38415854e+03 9.05709152e+03
 4.35084926e+03 8.91984445e+03 4.36865359e+03 8.91552341e+03
 1.56670377e-01
8.66400070e+03 4.97995459e+03 8.63823074e+03 5.11521484e+03
 8.37974142e+03 5.06596716e+03 8.40551138e+03 4.93070691e+03
 1.37406990e-01
2.83165625e+03 4.41675497e+03 2.80873286e+03 4.43783170e+03
 2.74057718e+03 4.36370456e+03 2.76350055e+03 4.34262782e+03
 1.27926469e-01
3.60924500e+03 2.07291359e+03 3.58671478e+03 2.07209065e+03
 3.58756028e+03 2.04894296e+03 3.61009050e+03 2.04976591e+03
 1.17705598e-01
9.04857611e+03 4.74523926e+03 9.03120441e+03 4.88118396e+03
 8.75043365e+03 4.84530579e+03 8.76780536e+03 4.70936108e+03
 1.17607996e-01
1.95288034e+03 3.62433081e+03 1.94117136e+03 3.56866675e+03
 2.56943066e+03 3.43651221e+03 2.58113965e+03 3.49217627e+03
 1.12204835e-01
5.11306134e+03 9.42067586e+03 5.08163092e+03 9.44812819e+03
 4.99335785e+03 9.34706340e+03 5.02478827e+03 9.31961108e+03
 9.69053209e-02
 2.78523331e+01  8.73092552e+03  1.90303802e-01  8.73219345e+03
 -1.05972099e+00  8.70492191e+03  2.66023083e+01  8.70365399e+03
  9.31855589e-02
3.51679730e+03 6.67285290e+03 3.51116425e+03 6.65909295e+03
 3.52227289e+03 6.65454528e+03 3.52790594e+03 6.66830523e+03
 8.39147940e-02
5.21482305e+02 3.69698816e+03 5.14218261e+02 3.69770142e+03
 5.12292137e+02 3.67808496e+03 5.19556181e+02 3.67737170e+03
 8.34326744e-02
9.42075513e+03 5.49533008e+03 9.38166553e+03 5.65134985e+03
 8.98492072e+03 5.55194836e+03 9.02401031e+03 5.39592859e+03
 8.19194317e-02
4.39441104e+03 8.18603973e+03 4.37694705e+03 8.11847284e+03
 4.45271201e+03 8.09888995e+03 4.47017599e+03 8.16645685e+03
 8.11098740e-02
8.58467792e+03 6.92519009e+03 8.47817242e+03 6.95288962e+03
 8.40507220e+03 6.67181718e+03 8.51157770e+03 6.64411763e+03
 7.88939148e-02
9.68060202e+03 3.36268359e+03 9.67863010e+03 3.35487970e+03
 9.73189429e+03 3.34142065e+03 9.73386621e+03 3.34922455e+03
 7.81600699e-02
4.36708041e+03 8.91484026e+03 4.35220444e+03 8.91909322e+03
 4.31527606e+03 8.78992539e+03 4.33015201e+03 8.78567243e+03
 7.78381824e-02
8.93461153e+03 5.98533408e+03 8.81944923e+03 6.02284958e+03
 8.70454575e+03 5.67012731e+03 8.81970804e+03 5.63261182e+03
 7.13654533e-02
6.75159286e+02 6.69276144e+03 6.64754318e+02 6.69271417e+03
 6.64909500e+02 6.65855053e+03 6.75314468e+02 6.65859780e+03
 6.88157007e-02
2.39598907e+03 5.62799274e+03 2.38398029e+03 5.63094098e+03
 2.36843353e+03 5.56761688e+03 2.38044232e+03 5.56466864e+03
 6.27046376e-02
4.33830554e+03 8.80660266e+03 4.32107690e+03 8.81106482e+03
 4.28217651e+03 8.66086707e+03 4.29940515e+03 8.65640491e+03
 6.14730492e-02
8.96487756e+03 4.66735571e+03 8.80745898e+03 4.61977527e+03
 8.84831323e+03 4.48461017e+03 9.00573181e+03 4.53219055e+03
 6.09031841e-02
6.74575549e+03 4.09953940e+03 6.74592226e+03 4.10930766e+03
 6.71293415e+03 4.10987089e+03 6.71276737e+03 4.10010263e+03
 6.04374669e-02
6.88301636e+02 5.02914929e+03 6.78021973e+02 5.03499365e+03
 6.62542603e+02 5.00776660e+03 6.72822266e+02 5.00192224e+03
 5.79068027e-02
1.53444507e+03 7.49750037e+03 1.52078735e+03 7.49813641e+03
 1.51941907e+03 7.46875793e+03 1.53307678e+03 7.46812189e+03
 5.63083142e-02
6.66482055e+03 4.12236514e+03 6.65672407e+03 4.12239437e+03
 6.65663951e+03 4.09897318e+03 6.66473599e+03 4.09894394e+03
 5.08201048e-02
