2.83340714e+03 4.41842773e+03 2.81176614e+03 4.43894849e+03
 2.74278683e+03 4.36620349e+03 2.76442783e+03 4.34568274e+03
 9.51001585e-01
3.51753720e+03 2.96900629e+03 3.50466147e+03 3.05611316e+03
 3.07889980e+03 2.99317896e+03 3.09177555e+03 2.90607208e+03
 8.99085820e-01
1.03651017e+03 3.35832578e+03 9.97065662e+02 3.27142706e+03
 1.26661496e+03 3.14907495e+03 1.30605948e+03 3.23597366e+03
 4.61190730e-01
2.54539334e+03 3.48334567e+03 2.53603617e+03 3.44007321e+03
 3.21743701e+03 3.29272806e+03 3.22679419e+03 3.33600052e+03
 4.41911250e-01
1.90288284e+03 2.97538556e+03 1.90003439e+03 2.96054437e+03
 1.96122910e+03 2.94879938e+03 1.96407755e+03 2.96364056e+03
 3.53473514e-01
1.53857906e+03 3.70726308e+03 1.53067161e+03 3.67074847e+03
 1.93403305e+03 3.58339813e+03 1.94194052e+03 3.61991272e+03
 3.27955216e-01
3.86806256e+03 3.06714813e+03 3.86234369e+03 3.08622351e+03
 3.76934064e+03 3.05834052e+03 3.77505951e+03 3.03926520e+03
 3.15103978e-01
6.51708255e+03 2.56094312e+03 6.51530875e+03 2.55131580e+03
 6.55425333e+03 2.54414026e+03 6.55602713e+03 2.55376758e+03
 3.10462683e-01
2.24011221e+03 2.95261273e+03 2.24185843e+03 2.88326825e+03
 3.13198987e+03 2.90568353e+03 3.13024353e+03 2.97502802e+03
 2.66186565e-01
1.51824265e+03 3.09551257e+03 1.50946255e+03 3.06235748e+03
 1.62284039e+03 3.03233295e+03 1.63162042e+03 3.06548810e+03
 2.50146896e-01
7.27414844e+03 3.82237854e+03 7.25510522e+03 3.74081067e+03
 7.66620264e+03 3.64483374e+03 7.68524585e+03 3.72640161e+03
 2.46283188e-01
1.94454214e+03 3.62475427e+03 1.93333688e+03 3.57111761e+03
 2.57906995e+03 3.43621674e+03 2.59027527e+03 3.48985333e+03
 2.22927704e-01
6.27213806e+02 3.56475302e+03 5.91370667e+02 3.50089139e+03
 1.06482190e+03 3.23516058e+03 1.10066516e+03 3.29902219e+03
 2.11687148e-01
1.08558789e+03 3.07887170e+03 1.01056741e+03 2.91869006e+03
 1.53675708e+03 2.67225122e+03 1.61177759e+03 2.83243286e+03
 2.07967490e-01
5.47599754e+02 3.64265527e+03 4.98057253e+02 3.55840381e+03
 5.98394615e+02 3.49940231e+03 6.47937119e+02 3.58365378e+03
 1.52693287e-01
1.57163527e+03 3.10876819e+03 1.55987068e+03 3.02752863e+03
 1.91452310e+03 2.97617010e+03 1.92628769e+03 3.05740961e+03
 1.52491331e-01
4.07890095e+03 7.98306958e+03 4.07867964e+03 7.96024963e+03
 4.61686890e+03 7.95503015e+03 4.61709021e+03 7.97785010e+03
 1.50386050e-01
7.22892151e+02 3.13917822e+03 6.91918396e+02 3.06773834e+03
 1.03302405e+03 2.91984717e+03 1.06399768e+03 2.99128699e+03
 1.45906508e-01
9.35710486e+03 5.17035889e+02 9.35091785e+03 5.21338501e+02
 9.34249194e+03 5.09222382e+02 9.34867896e+03 5.04919769e+02
 1.26529992e-01
1.92401666e+03 3.60096130e+03 1.92030792e+03 3.58125745e+03
 2.04608221e+03 3.55758398e+03 2.04979089e+03 3.57728784e+03
 1.24072902e-01
6.13410455e+03 3.82604926e+03 6.12347162e+03 3.88608038e+03
 5.41868198e+03 3.76124615e+03 5.42931485e+03 3.70121503e+03
 1.11359693e-01
3.66403680e+03 5.28062263e+02 3.65916669e+03 5.16353371e+02
 3.67262018e+03 5.10757607e+02 3.67749030e+03 5.22466500e+02
 9.62876081e-02
9.61503842e+03 4.53197314e+03 9.53776730e+03 4.51576770e+03
 9.65110062e+03 3.97536890e+03 9.72837170e+03 3.99157434e+03
 8.97430107e-02
3.81738184e+03 8.09249933e+03 3.81816882e+03 8.06575262e+03
 4.08687634e+03 8.07365851e+03 4.08608936e+03 8.10040521e+03
 8.90021846e-02
4.39015253e+03 7.67361731e+03 4.38061395e+03 7.67528308e+03
 4.36360510e+03 7.57788794e+03 4.37314368e+03 7.57622217e+03
 7.88091645e-02
5.00456152e+03 8.69494983e+03 4.98516919e+03 8.72294910e+03
 4.94974292e+03 8.69841278e+03 4.96913525e+03 8.67041351e+03
 7.56286532e-02
7.67654626e+03 5.13262148e+03 7.66946814e+03 5.17183601e+03
 7.44435181e+03 5.13120323e+03 7.45142993e+03 5.09198870e+03
 7.54995942e-02
9.59782892e+03 5.04123669e+03 9.53323615e+03 5.29582019e+03
 9.24372822e+03 5.22236639e+03 9.30832098e+03 4.96778293e+03
 6.94676191e-02
5.14079049e+02 3.21718640e+03 4.97092521e+02 3.18307001e+03
 7.38831512e+02 3.06270830e+03 7.55818054e+02 3.09682469e+03
 6.52301386e-02
1.79229144e+03 2.60031384e+03 1.77098553e+03 2.55814667e+03
 2.06657117e+03 2.40879541e+03 2.08787708e+03 2.45096252e+03
 6.38911724e-02
8.46398392e+01 3.41874994e+03 6.51321335e+01 3.37862408e+03
 4.00662628e+02 3.21550140e+03 4.20170319e+02 3.25562726e+03
 6.33464158e-02
7.67161081e+03 3.73264400e+03 7.65224387e+03 3.66323875e+03
 8.05802856e+03 3.55000799e+03 8.07739551e+03 3.61941322e+03
 6.30282238e-02
2.67916687e+03 3.59621363e+03 2.67856604e+03 3.58676368e+03
 2.72013806e+03 3.58412046e+03 2.72073889e+03 3.59357041e+03
 5.92666380e-02
3.17074554e+03 6.29800662e+03 3.14963434e+03 6.27855688e+03
 3.21198737e+03 6.21087762e+03 3.23309857e+03 6.23032736e+03
 5.71059957e-02
2.70951178e+03 4.95190167e+03 2.70177203e+03 4.95428632e+03
 2.69437677e+03 4.93028436e+03 2.70211652e+03 4.92789972e+03
 5.68048358e-02
6.36528185e+03 2.01098383e+03 6.36263976e+03 2.00069543e+03
 6.38651076e+03 1.99456531e+03 6.38915285e+03 2.00485370e+03
 5.28364927e-02
