6.15361944e+03 7.67897882e+03 6.14390302e+03 7.67864569e+03
 6.14432286e+03 7.66639874e+03 6.15403927e+03 7.66673187e+03
 9.95322526e-01
8.78461814e+03 6.23244589e+03 8.76941012e+03 6.14370686e+03
 8.86889641e+03 6.12665697e+03 8.88410445e+03 6.21539600e+03
 9.64997768e-01
9.23513745e+03 6.46057635e+03 9.20970728e+03 6.36621922e+03
 9.34270898e+03 6.33037396e+03 9.36813916e+03 6.42473111e+03
 9.60279524e-01
9.02850476e+03 6.23124176e+03 9.01753516e+03 6.14572477e+03
 9.11550330e+03 6.13315804e+03 9.12647290e+03 6.21867503e+03
 9.53655899e-01
8.13086691e+03 5.14973680e+03 8.12591214e+03 5.12772117e+03
 8.16211288e+03 5.11957390e+03 8.16706766e+03 5.14158953e+03
 9.46839511e-01
9.12217554e+03 6.69080819e+03 9.11756165e+03 6.66067617e+03
 9.19510962e+03 6.64880172e+03 9.19972351e+03 6.67893374e+03
 9.45853770e-01
4.82161450e+03 4.97608954e+03 4.80089294e+03 4.99776788e+03
 4.74772876e+03 4.94695013e+03 4.76845032e+03 4.92527179e+03
 8.82848442e-01
8.57230231e+03 5.76777521e+03 8.55365704e+03 5.67321464e+03
 8.69618250e+03 5.64511168e+03 8.71482776e+03 5.73967225e+03
 8.72321546e-01
8.97705408e+03 4.65599496e+03 8.92490454e+03 4.65129910e+03
 8.92908096e+03 4.60491834e+03 8.98123050e+03 4.60961421e+03
 8.40804398e-01
9.91490338e+03 4.22224200e+03 9.77629254e+03 4.19551324e+03
 9.80783685e+03 4.03192996e+03 9.94644769e+03 4.05865878e+03
 8.28497887e-01
8.73643518e+03 5.36344035e+03 8.70332507e+03 5.51520929e+03
 8.55049927e+03 5.48186859e+03 8.58360938e+03 5.33009966e+03
 7.99176216e-01
8.92144441e+03 7.17398932e+03 8.89881627e+03 7.08096115e+03
 9.04706696e+03 7.04490073e+03 9.06969507e+03 7.13792886e+03
 7.94549406e-01
9.59788232e+03 6.51972992e+03 9.51555750e+03 6.54254218e+03
 9.47386084e+03 6.39206769e+03 9.55618567e+03 6.36925543e+03
 7.74523437e-01
9.72722875e+03 5.72690848e+03 9.72656123e+03 5.62896652e+03
 9.90903886e+03 5.62772285e+03 9.90970638e+03 5.72566481e+03
 7.74432778e-01
8.56496155e+03 5.07183636e+03 8.54834363e+03 5.07125079e+03
 8.54921155e+03 5.04661969e+03 8.56582947e+03 5.04720526e+03
 7.64651656e-01
8.50753174e+03 6.66311328e+03 8.47877747e+03 6.56803882e+03
 8.67546606e+03 6.50855225e+03 8.70422034e+03 6.60362671e+03
 7.49377966e-01
8.37654257e+03 6.62625500e+03 8.29616067e+03 6.65072876e+03
 8.25200338e+03 6.50569781e+03 8.33238528e+03 6.48122406e+03
 7.40688443e-01
8.73371873e+03 7.07048499e+03 8.70472797e+03 6.97225598e+03
 8.86108400e+03 6.92610999e+03 8.89007475e+03 7.02433899e+03
 7.37476230e-01
9.27179911e+03 5.42905780e+03 9.20856887e+03 5.42263812e+03
 9.22184753e+03 5.29185101e+03 9.28507777e+03 5.29827072e+03
 7.13087440e-01
5.94020996e+03 5.00767688e+03 5.91767133e+03 5.02890039e+03
 5.86595566e+03 4.97397998e+03 5.88849432e+03 4.95275647e+03
 7.08327889e-01
6.16918292e+03 4.77694925e+03 6.14911420e+03 4.80026205e+03
 6.09438834e+03 4.75315152e+03 6.11445706e+03 4.72983872e+03
 7.01831937e-01
8.03984015e+03 6.32922771e+03 8.03186273e+03 6.26176024e+03
 8.11292877e+03 6.25217485e+03 8.12090619e+03 6.31964232e+03
 7.00510621e-01
9.19313947e+03 5.23244122e+03 9.14265582e+03 5.22092291e+03
 9.17152582e+03 5.09438852e+03 9.22200952e+03 5.10590683e+03
 6.90387011e-01
9.15323425e+03 4.40537521e+03 9.14765283e+03 4.43452017e+03
 9.07664429e+03 4.42092154e+03 9.08222571e+03 4.39177658e+03
 6.88639045e-01
5.09487674e+03 4.70455241e+03 5.07874759e+03 4.72055882e+03
 5.02989041e+03 4.67132703e+03 5.04601956e+03 4.65532062e+03
 6.53787017e-01
8.78545074e+03 4.83781586e+03 8.73014032e+03 4.82233929e+03
 8.75991998e+03 4.71591229e+03 8.81523041e+03 4.73138885e+03
 6.07172906e-01
9.14500949e+03 5.04156006e+03 9.12723483e+03 5.11658215e+03
 8.99740012e+03 5.08582092e+03 9.01517477e+03 5.01079883e+03
 6.02740526e-01
6.95976672e+03 5.17981443e+03 6.88045844e+03 5.22731081e+03
 6.82410579e+03 5.13321455e+03 6.90341408e+03 5.08571817e+03
 5.89835763e-01
8.43397516e+03 6.39047076e+03 8.34811362e+03 6.41590894e+03
 8.28524954e+03 6.20372366e+03 8.37111108e+03 6.17828548e+03
 5.36389709e-01
5.65894531e+02 3.66423236e+03 5.47947632e+02 3.64200616e+03
 5.97085938e+02 3.60232855e+03 6.15032837e+02 3.62455475e+03
 5.31042099e-01
8.84739935e+03 7.60879987e+03 8.84607745e+03 7.62947699e+03
 8.80794086e+03 7.62703900e+03 8.80926276e+03 7.60636188e+03
 5.27496338e-01
8.62888531e+03 4.51176324e+03 8.62359955e+03 4.49315057e+03
 8.66155695e+03 4.48237115e+03 8.66684271e+03 4.50098383e+03
 5.24336576e-01
9.46205000e+03 6.65399677e+03 9.44852922e+03 6.58191254e+03
 9.53685266e+03 6.56534576e+03 9.55037341e+03 6.63742999e+03
 5.10131598e-01
9.69006107e+03 4.10916699e+03 9.62431735e+03 4.09778003e+03
 9.64567953e+03 3.97444336e+03 9.71142325e+03 3.98583032e+03
 5.01865625e-01
8.13919144e+03 5.17976397e+03 8.13585660e+03 5.16721238e+03
 8.20193457e+03 5.14965607e+03 8.20526941e+03 5.16220767e+03
 5.00333130e-01
8.60659192e+03 5.75115747e+03 8.48061780e+03 5.79442065e+03
 8.43304541e+03 5.65589893e+03 8.55901953e+03 5.61263574e+03
 4.97794718e-01
9.63673322e+03 5.82732562e+03 9.63896210e+03 5.92552176e+03
 9.51339410e+03 5.92837195e+03 9.51116522e+03 5.83017581e+03
 4.96074766e-01
6.28048808e+03 7.44722504e+03 6.27525926e+03 7.44281342e+03
 6.28750737e+03 7.42829657e+03 6.29273619e+03 7.43270819e+03
 4.93818045e-01
8.77259904e+03 6.79905156e+03 8.74070185e+03 6.65802231e+03
 8.85325072e+03 6.63256665e+03 8.88514790e+03 6.77359590e+03
 4.92725790e-01
8.28196661e+03 6.44179736e+03 8.22713922e+03 6.45611267e+03
 8.19214093e+03 6.32206982e+03 8.24696832e+03 6.30775452e+03
 4.81944293e-01
8.27467970e+03 6.15889014e+03 8.25270955e+03 6.08032739e+03
 8.35031363e+03 6.05303235e+03 8.37228378e+03 6.13159509e+03
 4.73566264e-01
7.15670975e+03 5.34499207e+03 7.14924197e+03 5.48791772e+03
 7.01191043e+03 5.48074225e+03 7.01937820e+03 5.33781659e+03
 4.49118018e-01
9.26009229e+03 1.28669928e+03 9.25257373e+03 1.26628998e+03
 9.27804407e+03 1.25690704e+03 9.28556262e+03 1.27731635e+03
 4.45705205e-01
4.86796814e+03 4.92395154e+03 4.85122031e+03 4.94167444e+03
 4.80111758e+03 4.89432825e+03 4.81786542e+03 4.87660535e+03
 4.40413386e-01
8.90342226e+03 7.70652801e+03 8.88665913e+03 7.70695723e+03
 8.88598640e+03 7.68068364e+03 8.90274953e+03 7.68025441e+03
 4.38452870e-01
9.52060803e+03 6.36669235e+03 9.43200081e+03 6.39268851e+03
 9.36149867e+03 6.15238371e+03 9.45010588e+03 6.12638757e+03
 4.35780913e-01
8.96903558e+03 7.53035052e+03 8.96898212e+03 7.54492999e+03
 8.94547272e+03 7.54484381e+03 8.94552618e+03 7.53026434e+03
 4.33777958e-01
9.16287683e+03 4.35344492e+03 9.15828442e+03 4.37612985e+03
 9.11935632e+03 4.36824905e+03 9.12394873e+03 4.34556412e+03
 4.33442324e-01
9.81009644e+02 6.26311479e+03 9.68365112e+02 6.26255151e+03
 9.69367188e+02 6.24005785e+03 9.82011719e+02 6.24062112e+03
 4.26662773e-01
8.80176440e+03 6.90677271e+03 8.78659326e+03 6.83056543e+03
 8.88013708e+03 6.81194287e+03 8.89530823e+03 6.88815015e+03
 4.25474346e-01
8.74617029e+03 6.67366614e+03 8.73118909e+03 6.60731262e+03
 8.84358521e+03 6.58193604e+03 8.85856641e+03 6.64828955e+03
 4.18212116e-01
8.81711920e+03 7.51451599e+03 8.80197455e+03 7.51342822e+03
 8.80377325e+03 7.48838367e+03 8.81891791e+03 7.48947144e+03
 4.16580915e-01
8.15625327e+03 7.44078101e+03 8.13878397e+03 7.43499329e+03
 8.14478671e+03 7.41687500e+03 8.16225601e+03 7.42266272e+03
 4.09365535e-01
8.99551050e+03 6.16088098e+03 8.94614807e+03 5.92857471e+03
 9.13344568e+03 5.88877612e+03 9.18280811e+03 6.12108240e+03
 4.06943858e-01
9.72719513e+03 7.03382739e+03 9.63377606e+03 7.06197205e+03
 9.58813031e+03 6.91046277e+03 9.68154938e+03 6.88231812e+03
 3.84137094e-01
9.48380560e+03 4.08976547e+03 9.35284088e+03 4.06693326e+03
 9.37654547e+03 3.93096432e+03 9.50751019e+03 3.95379654e+03
 3.83490205e-01
9.12402405e+03 4.60806947e+03 9.11893787e+03 4.63983364e+03
 9.07000824e+03 4.63199885e+03 9.07509442e+03 4.60023467e+03
 3.68820757e-01
9.42613879e+03 5.48631235e+03 9.40210526e+03 5.64819824e+03
 9.21564378e+03 5.62051614e+03 9.23967733e+03 5.45863028e+03
 3.51875633e-01
9.11204437e+03 4.60065442e+03 9.11157721e+03 4.60822144e+03
 9.07511188e+03 4.60597021e+03 9.07557904e+03 4.59840320e+03
 3.47085834e-01
4.56541672e+03 4.08481006e+03 4.55848050e+03 4.09432916e+03
 4.54425949e+03 4.08396680e+03 4.55119571e+03 4.07444769e+03
 3.46723258e-01
8.16231613e+03 7.41869127e+03 8.14694791e+03 7.41492714e+03
 8.15313138e+03 7.38968138e+03 8.16849960e+03 7.39344551e+03
 3.40481818e-01
3.08692285e+03 3.86410391e+03 3.07459082e+03 3.86578445e+03
 3.07215686e+03 3.84792337e+03 3.08448889e+03 3.84624283e+03
 3.30728978e-01
9.00540021e+03 4.52158746e+03 8.98579706e+03 4.62391626e+03
 8.80045941e+03 4.58841095e+03 8.82006258e+03 4.48608221e+03
 3.17432016e-01
8.59229095e+03 6.95290302e+03 8.49521716e+03 6.98215131e+03
 8.40046667e+03 6.66767853e+03 8.49754047e+03 6.63843024e+03
 3.16651732e-01
8.94020348e+03 5.99460187e+03 8.80897813e+03 6.03300323e+03
 8.69530643e+03 5.64456354e+03 8.82653177e+03 5.60616217e+03
 3.04199994e-01
8.59168268e+03 7.74405747e+03 8.58951202e+03 7.77623458e+03
 8.54690094e+03 7.77336001e+03 8.54907159e+03 7.74118290e+03
 3.00337106e-01
8.85759166e+03 6.13823077e+03 8.77532930e+03 6.15730908e+03
 8.75005886e+03 6.04834698e+03 8.83232123e+03 6.02926874e+03
 2.83997506e-01
8.40642737e+03 6.67310571e+03 8.39168982e+03 6.61286633e+03
 8.49590967e+03 6.58736902e+03 8.51064722e+03 6.64760840e+03
 2.79616207e-01
8.26362213e+03 3.24995515e+03 8.24685529e+03 3.25606960e+03
 8.23651605e+03 3.22771764e+03 8.25328290e+03 3.22160320e+03
 2.75073737e-01
8.60880927e+03 5.31927052e+03 8.45982343e+03 5.29311479e+03
 8.48670526e+03 5.13999308e+03 8.63569110e+03 5.16614881e+03
 2.68644482e-01
8.31181549e+03 7.39834570e+03 8.29779208e+03 7.39735010e+03
 8.29958765e+03 7.37205774e+03 8.31361105e+03 7.37305334e+03
 2.63448805e-01
8.20656754e+03 7.98391693e+02 8.19686700e+03 8.02252045e+02
 8.19125823e+03 7.88157928e+02 8.20095878e+03 7.84297577e+02
 2.52326876e-01
2.19912715e+03 4.84999084e+02 2.19701295e+03 4.72049255e+02
 2.21032497e+03 4.69875916e+02 2.21243916e+03 4.82825745e+02
 2.44656414e-01
7.18632672e+03 4.83049919e+03 7.11945300e+03 4.84896272e+03
 7.09568079e+03 4.76286125e+03 7.16255450e+03 4.74439772e+03
 2.40061134e-01
9.96779956e+03 4.03840344e+03 9.81642880e+03 4.02117169e+03
 9.83269510e+03 3.87828174e+03 9.98406586e+03 3.89551349e+03
 2.39592373e-01
4.56556931e+03 4.12936676e+03 4.55825992e+03 4.12156659e+03
 4.56707224e+03 4.11330878e+03 4.57438162e+03 4.12110895e+03
 2.33858019e-01
9.32487326e+03 5.63868288e+03 9.32502409e+03 5.63325298e+03
 9.35398752e+03 5.63405757e+03 9.35383667e+03 5.63948747e+03
 2.27572039e-01
8.69725308e+03 5.27137042e+03 8.69465268e+03 5.30886383e+03
 8.65341019e+03 5.30600348e+03 8.65601059e+03 5.26851007e+03
 2.26971641e-01
1.00168104e+04 4.62065919e+03 9.99858170e+03 4.72555875e+03
 9.72755998e+03 4.67846252e+03 9.74578868e+03 4.57356296e+03
 2.19161704e-01
8.03055444e+03 4.89092590e+03 8.02549951e+03 4.87091248e+03
 8.08344171e+03 4.85627747e+03 8.08849664e+03 4.87629089e+03
 2.16080874e-01
9.20881763e+03 5.43639886e+03 9.18128479e+03 5.60377948e+03
 8.94484314e+03 5.56488666e+03 8.97237598e+03 5.39750604e+03
 2.12577805e-01
8.65537054e+03 5.11435626e+03 8.52846515e+03 5.09945709e+03
 8.54466473e+03 4.96147565e+03 8.67157013e+03 4.97637482e+03
 2.11587831e-01
3.97265884e+03 4.02655447e+03 3.96638919e+03 4.01673819e+03
 3.98015005e+03 4.00794913e+03 3.98641971e+03 4.01776541e+03
 2.04101667e-01
9.09195380e+03 6.67830701e+03 9.07654413e+03 6.60991229e+03
 9.17776862e+03 6.58710590e+03 9.19317828e+03 6.65550055e+03
 2.01882824e-01
9.12006378e+03 6.93490500e+03 9.03361127e+03 6.96072232e+03
 8.94412115e+03 6.66105303e+03 9.03057367e+03 6.63523573e+03
 1.91275731e-01
9.91513934e+03 5.75474524e+03 9.89843573e+03 5.67812280e+03
 9.99595087e+03 5.65686462e+03 1.00126545e+04 5.73348706e+03
 1.88232750e-01
9.74334598e+03 5.85289734e+02 9.73059606e+03 5.89087952e+02
 9.72596468e+03 5.73541443e+02 9.73871460e+03 5.69743225e+02
 1.74084991e-01
8.70219433e+03 6.39262291e+03 8.67812411e+03 6.28256374e+03
 8.89758531e+03 6.23456703e+03 8.92165553e+03 6.34462621e+03
 1.72404259e-01
8.70241217e+03 4.99207739e+03 8.69572430e+03 4.99159174e+03
 8.69751581e+03 4.96692145e+03 8.70420361e+03 4.96740710e+03
 1.62651822e-01
9.43160323e+03 5.64054993e+03 9.42950600e+03 5.67844841e+03
 9.39223027e+03 5.67638565e+03 9.39432750e+03 5.63848717e+03
 1.62533373e-01
6.28704813e+03 7.45258524e+03 6.28189648e+03 7.44838864e+03
 6.29468433e+03 7.43269058e+03 6.29983597e+03 7.43688718e+03
 1.60334617e-01
9.21448779e+03 4.15180670e+03 9.20539905e+03 4.15179596e+03
 9.20541528e+03 4.13798895e+03 9.21450403e+03 4.13799969e+03
 1.52719095e-01
9.22951210e+03 6.67677960e+03 9.20595072e+03 6.56915799e+03
 9.42264696e+03 6.52171713e+03 9.44620833e+03 6.62933878e+03
 1.45524025e-01
9.73768023e+03 6.07705261e+03 9.72903928e+03 6.07698694e+03
 9.72933697e+03 6.03783032e+03 9.73797792e+03 6.03789600e+03
 1.43807694e-01
8.66170154e+03 4.53188110e+03 8.66013892e+03 4.54301892e+03
 8.62572009e+03 4.53819006e+03 8.62728271e+03 4.52705225e+03
 1.42052263e-01
9.89736563e+03 4.52875406e+03 9.71818964e+03 4.50632132e+03
 9.73795447e+03 4.34845468e+03 9.91713046e+03 4.37088742e+03
 1.39600292e-01
9.37815419e+03 4.54883527e+03 9.37088313e+03 4.62484113e+03
 9.25427004e+03 4.61368542e+03 9.26154108e+03 4.53767957e+03
 1.34758696e-01
5.93641846e+03 4.37476660e+03 5.92942480e+03 4.38113147e+03
 5.92025891e+03 4.37106018e+03 5.92725256e+03 4.36469531e+03
 1.32827699e-01
7.02007715e+03 1.68989803e+03 7.01780518e+03 1.68019054e+03
 7.04212488e+03 1.67449855e+03 7.04439685e+03 1.68420604e+03
 1.31966114e-01
9.72646362e+03 4.50056909e+03 9.72020801e+03 4.50022058e+03
 9.72145081e+03 4.47790918e+03 9.72770642e+03 4.47825769e+03
 1.30895630e-01
8.60799005e+03 5.34455560e+03 8.56859540e+03 5.49253375e+03
 8.32396881e+03 5.42740948e+03 8.36336346e+03 5.27943134e+03
 1.30648315e-01
8.55404025e+03 2.84772614e+02 8.54685458e+03 2.88979156e+02
 8.53813992e+03 2.74092743e+02 8.54532559e+03 2.69886200e+02
 1.26925528e-01
9.39674319e+03 5.63331857e+03 9.39668277e+03 5.64042024e+03
 9.38013770e+03 5.64027949e+03 9.38019812e+03 5.63317783e+03
 1.22437760e-01
3.31021103e+03 2.04120367e+03 3.30154294e+03 2.02321063e+03
 3.33934323e+03 2.00500043e+03 3.34801132e+03 2.02299347e+03
 1.21053703e-01
9.20237268e+03 6.47522015e+03 9.10682373e+03 6.50281036e+03
 9.03119055e+03 6.24088239e+03 9.12673950e+03 6.21329218e+03
 1.18960746e-01
6.14176056e+03 7.68687337e+03 6.14189941e+03 7.68114182e+03
 6.15712170e+03 7.68151059e+03 6.15698291e+03 7.68724214e+03
 1.14860177e-01
4.65332233e+03 2.85837173e+03 4.65293488e+03 2.86903360e+03
 4.63821163e+03 2.86849857e+03 4.63859908e+03 2.85783670e+03
 1.10275313e-01
9.02769214e+03 4.86389258e+03 8.98375183e+03 5.05793433e+03
 8.67565921e+03 4.98816748e+03 8.71959949e+03 4.79412573e+03
 1.08491026e-01
8.34033194e+03 5.97813684e+03 8.24357522e+03 6.00527246e+03
 8.13647526e+03 5.62338852e+03 8.23323198e+03 5.59625296e+03
 1.02328531e-01
8.57939691e+03 4.46620288e+03 8.57563226e+03 4.45162952e+03
 8.64792468e+03 4.43295447e+03 8.65168933e+03 4.44752783e+03
 9.26769152e-02
6.17991473e+03 5.12791108e+03 6.17987494e+03 5.12112041e+03
 6.19430573e+03 5.12103591e+03 6.19434552e+03 5.12782659e+03
 9.09112096e-02
9.29772697e+03 4.61289587e+03 9.29536996e+03 4.63618759e+03
 9.25114495e+03 4.63171223e+03 9.25350196e+03 4.60842051e+03
 8.86015669e-02
8.15842734e+03 7.37554474e+03 8.14690134e+03 7.37414154e+03
 8.14892001e+03 7.35755951e+03 8.16044601e+03 7.35896271e+03
 8.60952660e-02
8.17103458e+03 7.45692218e+03 8.16052847e+03 7.48760077e+03
 8.12114169e+03 7.47411249e+03 8.13164780e+03 7.44343390e+03
 8.58483240e-02
4.74132043e+03 8.77376978e+03 4.73914600e+03 8.76538446e+03
 4.75922668e+03 8.76017722e+03 4.76140112e+03 8.76856253e+03
 8.30051526e-02
9.06735724e+03 7.50645251e+03 9.05178528e+03 7.50685449e+03
 9.05117297e+03 7.48313733e+03 9.06674493e+03 7.48273535e+03
 7.92484283e-02
9.43984726e+03 5.88828000e+03 9.38380945e+03 5.90261417e+03
 9.34665302e+03 5.75735529e+03 9.40269083e+03 5.74302112e+03
 7.81497434e-02
9.22373144e+03 4.15529929e+03 9.21740401e+03 4.15537172e+03
 9.21719405e+03 4.13702800e+03 9.22352148e+03 4.13695557e+03
 7.47173876e-02
7.68143530e+03 3.23260727e+03 7.68031433e+03 3.22242593e+03
 7.70570142e+03 3.21963092e+03 7.70682239e+03 3.22981226e+03
 7.35772476e-02
3.38828510e+03 2.53934494e+03 3.37382501e+03 2.54420499e+03
 3.36071088e+03 2.50518631e+03 3.37517096e+03 2.50032626e+03
 7.15773329e-02
8.00635944e+03 4.83905963e+03 7.98771930e+03 4.77501019e+03
 8.04682861e+03 4.75780780e+03 8.06546875e+03 4.82185724e+03
 7.06354529e-02
9.74435234e+03 5.99043713e+03 9.73547675e+03 5.99052307e+03
 9.73535303e+03 5.97774414e+03 9.74422863e+03 5.97765820e+03
 7.02368766e-02
8.20314252e+03 4.33249316e+03 8.19866388e+03 4.32551855e+03
 8.21903204e+03 4.31243970e+03 8.22351068e+03 4.31941431e+03
 6.38199672e-02
8.33926871e+03 6.39490947e+03 8.33821790e+03 6.38834550e+03
 8.37271423e+03 6.38282301e+03 8.37376505e+03 6.38938698e+03
 6.35216981e-02
8.95526508e+03 6.67019512e+03 8.95508502e+03 6.65862292e+03
 9.02575067e+03 6.65752342e+03 9.02593073e+03 6.66909562e+03
 5.63665628e-02
5.34730359e+03 4.45562274e+03 5.30028296e+03 4.49927771e+03
 5.24398132e+03 4.43863544e+03 5.29100195e+03 4.39498047e+03
 5.61158732e-02
5.84152927e+03 4.26845901e+03 5.83772192e+03 4.27569421e+03
 5.81464667e+03 4.26355148e+03 5.81845401e+03 4.25631628e+03
 5.42329550e-02
9.72450922e+03 5.61910896e+03 9.72177936e+03 5.70602319e+03
 9.47217023e+03 5.69818317e+03 9.47490009e+03 5.61126893e+03
 5.37687652e-02
3.56571442e+03 2.56466711e+03 3.56381342e+03 2.61517868e+03
 3.41204266e+03 2.60946667e+03 3.41394366e+03 2.55895510e+03
 5.28605729e-02
6.25921680e+03 5.63124451e+03 6.25953479e+03 5.61768079e+03
 6.27832361e+03 5.61812134e+03 6.27800562e+03 5.63168506e+03
 5.27203120e-02
3.73152997e+03 7.04386319e+03 3.70556415e+03 6.99533292e+03
 3.75751178e+03 6.96753873e+03 3.78347760e+03 7.01606900e+03
 5.27161434e-02
6.22304010e+03 4.51304471e+03 6.22107272e+03 4.52749545e+03
 6.19542985e+03 4.52400430e+03 6.19739724e+03 4.50955356e+03
 5.18288016e-02
6.81478734e+03 4.96836163e+03 6.81392958e+03 4.93721442e+03
 6.84643263e+03 4.93631927e+03 6.84729039e+03 4.96746649e+03
 5.10385036e-02
