[array([[4.09199968e+03, 5.62600104e+03, 4.09322134e+03, 5.50078619e+03,
        4.23201030e+03, 5.50214032e+03, 4.23078865e+03, 5.62735516e+03,
        9.66840148e-01],
       [7.89533340e+03, 1.18402771e+03, 7.86437076e+03, 1.19598633e+03,
        7.85075775e+03, 1.16074036e+03, 7.88172040e+03, 1.14878174e+03,
        8.46214414e-01],
       [1.64494532e+03, 4.80248108e+02, 1.59393465e+03, 5.06927002e+02,
        1.56415834e+03, 4.49993958e+02, 1.61516901e+03, 4.23315063e+02,
        7.94285893e-01],
       [1.54763733e+03, 4.51352856e+03, 1.53711851e+03, 4.51349915e+03,
        1.53737810e+03, 4.42076422e+03, 1.54789692e+03, 4.42079364e+03,
        5.09572089e-01],
       [7.14886847e+03, 5.13088786e+03, 7.14892657e+03, 5.12038740e+03,
        7.16710919e+03, 5.12048796e+03, 7.16705109e+03, 5.13098842e+03,
        4.87438589e-01],
       [2.69008727e+03, 8.22516785e+03, 2.68983168e+03, 8.20932617e+03,
        2.70576631e+03, 8.20906909e+03, 2.70602190e+03, 8.22491077e+03,
        4.47644800e-01],
       [5.13185393e+03, 1.57713210e+03, 5.12136901e+03, 1.57752039e+03,
        5.12038691e+03, 1.55100179e+03, 5.13087183e+03, 1.55061349e+03,
        3.89170885e-01],
       [5.21849133e+03, 7.50037720e+03, 5.19078174e+03, 7.49386792e+03,
        5.20038086e+03, 7.45300476e+03, 5.22809045e+03, 7.45951404e+03,
        3.78262490e-01],
       [5.35835461e+03, 2.06062390e+03, 5.34456628e+03, 2.02698700e+03,
        5.37708252e+03, 2.01365802e+03, 5.39087085e+03, 2.04729498e+03,
        3.48458588e-01],
       [3.98741623e+03, 7.65235132e+03, 3.98806821e+03, 7.67787109e+03,
        3.88759213e+03, 7.68043811e+03, 3.88694016e+03, 7.65491833e+03,
        3.26454282e-01],
       [5.14956935e+03, 2.31701157e+03, 5.12416071e+03, 2.32015494e+03,
        5.11195680e+03, 2.22150766e+03, 5.13736545e+03, 2.21836429e+03,
        2.68722951e-01],
       [6.07695381e+02, 2.33516391e+03, 5.94891380e+02, 2.31624173e+03,
        6.19315514e+02, 2.29971474e+03, 6.32119514e+02, 2.31863693e+03,
        2.61948109e-01],
       [8.20453050e+03, 1.02306531e+03, 8.19322043e+03, 1.02311279e+03,
        8.19290997e+03, 9.49109009e+02, 8.20422004e+03, 9.49061523e+02,
        2.26942644e-01],
       [6.86897049e+03, 1.53394556e+03, 6.86929092e+03, 1.51595093e+03,
        6.91534207e+03, 1.51677100e+03, 6.91502164e+03, 1.53476562e+03,
        2.26756126e-01],
       [7.19292051e+03, 6.61485464e+03, 7.15769563e+03, 6.61036765e+03,
        7.17405865e+03, 6.48191104e+03, 7.20928352e+03, 6.48639804e+03,
        2.00948149e-01],
       [9.53718915e+03, 5.08754950e+03, 9.48302533e+03, 5.36399091e+03,
        9.10731540e+03, 5.29037723e+03, 9.16147916e+03, 5.01393582e+03,
        1.93498552e-01],
       [5.11830530e+03, 1.98296368e+03, 5.10630676e+03, 1.98297626e+03,
        5.10625476e+03, 1.93334406e+03, 5.11825330e+03, 1.93333148e+03,
        1.85449362e-01],
       [8.67897760e+03, 1.04377166e+03, 8.67905756e+03, 1.02398363e+03,
        8.70565088e+03, 1.02409102e+03, 8.70557104e+03, 1.04387905e+03,
        1.81779534e-01],
       [6.96663818e+03, 9.24107208e+03, 6.96209155e+03, 9.21418524e+03,
        6.99268091e+03, 9.20901251e+03, 6.99722754e+03, 9.23589935e+03,
        1.69905901e-01],
       [8.76606078e+03, 8.19301685e+03, 8.76536758e+03, 8.22681747e+03,
        8.70156606e+03, 8.22550901e+03, 8.70225925e+03, 8.19170839e+03,
        1.66458279e-01],
       [5.26429773e+03, 7.49185413e+03, 5.24149719e+03, 7.49505652e+03,
        5.23609668e+03, 7.45660608e+03, 5.25889722e+03, 7.45340369e+03,
        1.63745090e-01],
       [4.64326624e+03, 8.30770472e+03, 4.60818931e+03, 8.30713338e+03,
        4.61003931e+03, 8.19355231e+03, 4.64511625e+03, 8.19412364e+03,
        1.60309792e-01],
       [8.70347406e+03, 9.67769565e+03, 8.69247955e+03, 9.67795346e+03,
        8.69105426e+03, 9.61717447e+03, 8.70204877e+03, 9.61691666e+03,
        1.58927768e-01],
       [7.67825415e+03, 9.45193176e+03, 7.66479004e+03, 9.45180615e+03,
        7.66549902e+03, 9.37581543e+03, 7.67896313e+03, 9.37594104e+03,
        1.31999716e-01],
       [3.61910029e+03, 2.46396045e+03, 3.58095666e+03, 2.46101428e+03,
        3.58698069e+03, 2.38302209e+03, 3.62512431e+03, 2.38596826e+03,
        1.26471996e-01],
       [7.41863007e+03, 2.46251398e+03, 7.38593719e+03, 2.47373932e+03,
        7.37360345e+03, 2.43781854e+03, 7.40629633e+03, 2.42659320e+03,
        1.26267120e-01],
       [5.11907190e+03, 7.67997209e+03, 5.11922046e+03, 7.69075800e+03,
        5.08735608e+03, 7.69119682e+03, 5.08720752e+03, 7.68041091e+03,
        1.22942962e-01],
       [9.07040485e+03, 4.75286639e+03, 8.97581146e+03, 5.13893628e+03,
        8.65417363e+03, 5.06012982e+03, 8.74876702e+03, 4.67405988e+03,
        1.19961724e-01],
       [4.66338547e+03, 6.09655273e+03, 4.65693744e+03, 6.08835413e+03,
        4.66567804e+03, 6.08147986e+03, 4.67212607e+03, 6.08967847e+03,
        1.15868546e-01],
       [6.66538730e+03, 3.65191447e+03, 6.65730666e+03, 3.65201211e+03,
        6.65652647e+03, 3.58744675e+03, 6.66460711e+03, 3.58734911e+03,
        1.15840286e-01],
       [7.16764746e+03, 6.65751565e+03, 7.16689514e+03, 6.69007707e+03,
        7.12943579e+03, 6.68921159e+03, 7.13018811e+03, 6.65665017e+03,
        1.11083493e-01],
       [5.17992163e+03, 7.46673364e+03, 5.16232556e+03, 7.46774500e+03,
        5.16114111e+03, 7.44713672e+03, 5.17873718e+03, 7.44612537e+03,
        1.09397888e-01],
       [4.42480215e+03, 3.08176355e+03, 4.41887405e+03, 3.05055212e+03,
        4.46131406e+03, 3.04249133e+03, 4.46724216e+03, 3.07370276e+03,
        1.08116649e-01],
       [5.11807715e+03, 3.05464209e+03, 5.08202271e+03, 3.05550854e+03,
        5.08073450e+03, 3.00190625e+03, 5.11678894e+03, 3.00103979e+03,
        1.06022015e-01],
       [9.83596618e+03, 6.52868097e+03, 9.79393099e+03, 6.46780817e+03,
        9.86137773e+03, 6.42123340e+03, 9.90341292e+03, 6.48210620e+03,
        1.01880975e-01],
       [7.67749969e+03, 3.09749859e+03, 7.66029059e+03, 3.09712389e+03,
        7.66077362e+03, 3.07494139e+03, 7.67798273e+03, 3.07531610e+03,
        1.01864830e-01],
       [6.98429456e+03, 6.65733948e+03, 6.98113147e+03, 6.67600624e+03,
        6.95814502e+03, 6.67211115e+03, 6.96130811e+03, 6.65344439e+03,
        9.92622524e-02],
       [4.09653320e+03, 8.35389613e+03, 4.05708685e+03, 8.35312276e+03,
        4.05831879e+03, 8.29028748e+03, 4.09776514e+03, 8.29106086e+03,
        9.89507958e-02],
       [3.62941022e+03, 7.69308344e+03, 3.62753484e+03, 7.71107818e+03,
        3.60727432e+03, 7.70896667e+03, 3.60914969e+03, 7.69097193e+03,
        9.29753333e-02],
       [9.58338416e+03, 3.80662445e+02, 9.57587146e+03, 3.69751801e+02,
        9.58906580e+03, 3.60666656e+02, 9.59657849e+03, 3.71577301e+02,
        8.95762444e-02],
       [6.66713758e+03, 3.06173401e+03, 6.65556331e+03, 3.06136084e+03,
        6.65674068e+03, 3.02484204e+03, 6.66831494e+03, 3.02521521e+03,
        8.86215717e-02],
       [5.11929657e+03, 3.35368719e+03, 5.10996124e+03, 3.35386121e+03,
        5.10828278e+03, 3.26381314e+03, 5.11761810e+03, 3.26363913e+03,
        8.84012207e-02],
       [4.98171814e+03, 2.05064844e+03, 4.98055627e+03, 2.02242651e+03,
        5.06547803e+03, 2.01893042e+03, 5.06663989e+03, 2.04715234e+03,
        8.56484771e-02],
       [7.16443018e+03, 6.47454150e+03, 7.15482715e+03, 6.47227307e+03,
        7.16164453e+03, 6.44341315e+03, 7.17124756e+03, 6.44568158e+03,
        8.55233893e-02],
       [2.07976971e+03, 4.52592490e+03, 2.05887962e+03, 4.51502396e+03,
        2.07908373e+03, 4.47630563e+03, 2.09997382e+03, 4.48720657e+03,
        7.54738972e-02],
       [1.55162391e+03, 4.60346100e+03, 1.53622896e+03, 4.60318597e+03,
        1.53718680e+03, 4.54956805e+03, 1.55258175e+03, 4.54984308e+03,
        7.18771815e-02],
       [8.71032236e+03, 7.45786096e+03, 8.70074088e+03, 7.45522925e+03,
        8.70429527e+03, 7.44228833e+03, 8.71387675e+03, 7.44492004e+03,
        6.81306198e-02],
       [1.28005780e+03, 5.61687823e+03, 1.25815143e+03, 5.62983990e+03,
        1.24442242e+03, 5.60663678e+03, 1.26632880e+03, 5.59367511e+03,
        6.45400956e-02],
       [5.11844495e+03, 5.63183078e+03, 5.11819409e+03, 5.66520256e+03,
        5.06159277e+03, 5.66477709e+03, 5.06184363e+03, 5.63140530e+03,
        5.98673560e-02],
       [6.68086825e+03, 9.71744067e+03, 6.68060701e+03, 9.72714368e+03,
        6.65728724e+03, 9.72651587e+03, 6.65754848e+03, 9.71681287e+03,
        5.97432256e-02],
       [3.69833145e+01, 4.62144932e+03, 3.21689987e+01, 4.61190266e+03,
        5.58810501e+01, 4.59994483e+03, 6.06953659e+01, 4.60949149e+03,
        5.75405806e-02],
       [5.18513918e+03, 2.55741083e+03, 5.12193405e+03, 2.55878448e+03,
        5.12048586e+03, 2.49215094e+03, 5.18369099e+03, 2.49077728e+03,
        5.45632951e-02],
       [5.11875287e+03, 3.77837697e+03, 5.11111469e+03, 3.77839986e+03,
        5.11087750e+03, 3.69927556e+03, 5.11851569e+03, 3.69925267e+03,
        5.44762537e-02],
       [4.31883821e+03, 5.62067572e+03, 4.31791759e+03, 5.63207837e+03,
        4.29466216e+03, 5.63020087e+03, 4.29558278e+03, 5.61879816e+03,
        5.24079464e-02],
       [5.11887750e+03, 4.24079993e+03, 5.11073309e+03, 4.24009912e+03,
        5.11288507e+03, 4.21509045e+03, 5.12102942e+03, 4.21579126e+03,
        5.21200784e-02],
       [6.88213425e+03, 1.55668178e+03, 6.88213156e+03, 1.53854147e+03,
        6.94908640e+03, 1.53853155e+03, 6.94908908e+03, 1.55667186e+03,
        5.11769056e-02]]), array([[2.73512439e+03, 4.05083307e+03, 2.70995938e+03, 4.04624207e+03,
        2.71600562e+03, 4.01310059e+03, 2.74117062e+03, 4.01769159e+03,
        2.59818137e-01],
       [7.16773871e+03, 7.88937158e+03, 7.14037640e+03, 7.88832739e+03,
        7.14265485e+03, 7.82862134e+03, 7.17001721e+03, 7.82966553e+03,
        2.40867123e-01]]), array([[2.83099597e+03, 4.41580017e+03, 2.80821326e+03, 4.43709949e+03,
        2.74593005e+03, 4.37047852e+03, 2.76871277e+03, 4.34917920e+03,
        9.60667133e-01],
       [1.03111475e+03, 3.35707532e+03, 9.95366205e+02, 3.27867737e+03,
        1.30601569e+03, 3.13702490e+03, 1.34176422e+03, 3.21542285e+03,
        9.34272230e-01],
       [3.13033683e+03, 5.93031641e+03, 3.06935460e+03, 5.87756714e+03,
        3.17947297e+03, 5.75026184e+03, 3.24045520e+03, 5.80301111e+03,
        8.09639931e-01],
       [5.67347107e+02, 3.60048767e+03, 5.32767639e+02, 3.53957172e+03,
        1.05577588e+03, 3.24268170e+03, 1.09035522e+03, 3.30359760e+03,
        7.33028889e-01],
       [3.62674854e+03, 3.00221222e+03, 3.61575732e+03, 3.07429871e+03,
        2.80359277e+03, 2.95046521e+03, 2.81458405e+03, 2.87837872e+03,
        7.20628798e-01],
       [5.29911827e+02, 3.21259991e+03, 5.10594811e+02, 3.17610312e+03,
        7.21084473e+02, 3.06469522e+03, 7.40401489e+02, 3.10119202e+03,
        6.41982973e-01],
       [3.97239719e+03, 7.98633722e+03, 3.97188187e+03, 7.96218304e+03,
        4.63400867e+03, 7.94805658e+03, 4.63452405e+03, 7.97221075e+03,
        3.97053808e-01],
       [1.53820229e+03, 3.15332745e+03, 1.51512684e+03, 3.07241864e+03,
        1.98762878e+03, 2.93765958e+03, 2.01070422e+03, 3.01856845e+03,
        3.81374806e-01],
       [1.51532910e+03, 3.09438245e+03, 1.50749359e+03, 3.06396521e+03,
        1.62750128e+03, 3.03305103e+03, 1.63533685e+03, 3.06346826e+03,
        3.19896489e-01],
       [7.24546857e+03, 3.83004601e+03, 7.22855975e+03, 3.75844594e+03,
        7.67992072e+03, 3.65185439e+03, 7.69682947e+03, 3.72345445e+03,
        2.33669311e-01],
       [1.78812524e+03, 2.60196399e+03, 1.76762842e+03, 2.56188245e+03,
        2.05335046e+03, 2.41577094e+03, 2.07384729e+03, 2.45585248e+03,
        2.18539551e-01],
       [2.22482666e+03, 2.99956500e+03, 2.21955237e+03, 2.91149237e+03,
        2.57948792e+03, 2.88993756e+03, 2.58476208e+03, 2.97801019e+03,
        2.18010187e-01],
       [6.86422302e+02, 3.14396338e+03, 6.61818298e+02, 3.08816406e+03,
        1.08031897e+03, 2.90363104e+03, 1.10492297e+03, 2.95943024e+03,
        2.04960182e-01],
       [1.76773117e+03, 3.08831451e+03, 1.76590201e+03, 3.08028917e+03,
        1.82635165e+03, 3.06651125e+03, 1.82818082e+03, 3.07453659e+03,
        1.49075627e-01],
       [4.39090106e+03, 7.67975598e+03, 4.38148932e+03, 7.68117542e+03,
        4.36550238e+03, 7.57516809e+03, 4.37491412e+03, 7.57374866e+03,
        1.38997838e-01],
       [3.96721252e+02, 3.73393086e+03, 3.50273987e+02, 3.67529490e+03,
        4.83787170e+02, 3.56953516e+03, 5.30234436e+02, 3.62817113e+03,
        1.21693730e-01],
       [5.03244650e+02, 5.53999860e+03, 4.73949013e+02, 5.49099091e+03,
        9.23200256e+02, 5.22243921e+03, 9.52495911e+02, 5.27144690e+03,
        1.17544919e-01],
       [7.67533499e+03, 5.12076601e+03, 7.66341373e+03, 5.17466587e+03,
        7.50414328e+03, 5.13943938e+03, 7.51606454e+03, 5.08553952e+03,
        1.13368273e-01],
       [2.19461002e+03, 2.38864557e+03, 2.17765109e+03, 2.35602960e+03,
        2.40074741e+03, 2.24002899e+03, 2.41770633e+03, 2.27264496e+03,
        1.13285363e-01],
       [1.02669470e+03, 6.08089691e+03, 1.02754260e+03, 6.13879218e+03,
        6.70359009e+02, 6.14402283e+03, 6.69511108e+02, 6.08612762e+03,
        1.09858252e-01],
       [8.20237257e+03, 5.10714911e+03, 8.19614434e+03, 5.10803076e+03,
        8.19144977e+03, 5.07486707e+03, 8.19767800e+03, 5.07398541e+03,
        1.08377039e-01],
       [4.59470978e+03, 7.97233362e+03, 4.59502572e+03, 7.94731146e+03,
        5.01779559e+03, 7.95264948e+03, 5.01747968e+03, 7.97767163e+03,
        1.05614513e-01],
       [1.90481235e+03, 2.97202124e+03, 1.90258084e+03, 2.96136597e+03,
        1.96658096e+03, 2.94796265e+03, 1.96881247e+03, 2.95861792e+03,
        1.05425283e-01],
       [6.40300415e+02, 6.10761273e+03, 6.13406128e+02, 6.12126007e+03,
        5.85890747e+02, 6.06703632e+03, 6.12785034e+02, 6.05338898e+03,
        7.86525533e-02],
       [1.10063293e+03, 3.07258093e+03, 1.01856827e+03, 2.89256165e+03,
        1.49533435e+03, 2.67522026e+03, 1.57739905e+03, 2.85523956e+03,
        7.73584619e-02],
       [4.07837460e+03, 8.06248694e+03, 4.07662763e+03, 7.97548083e+03,
        4.59736829e+03, 7.96502502e+03, 4.59911523e+03, 8.05203113e+03,
        7.27300197e-02],
       [2.08426989e+03, 3.60083362e+03, 2.07154943e+03, 3.55282745e+03,
        2.28552109e+03, 3.49613019e+03, 2.29824155e+03, 3.54413641e+03,
        7.22903162e-02],
       [6.88768875e+02, 7.15668671e+03, 6.88615646e+02, 7.16669904e+03,
        5.12995057e+02, 7.16401117e+03, 5.13148299e+02, 7.15399884e+03,
        5.76321781e-02],
       [3.17087521e+03, 6.29684955e+03, 3.14557307e+03, 6.27223874e+03,
        3.21134862e+03, 6.20461547e+03, 3.23665077e+03, 6.22922626e+03,
        5.74589446e-02],
       [2.53317303e+03, 3.47653302e+03, 2.52567603e+03, 3.43880768e+03,
        3.28376129e+03, 3.28815680e+03, 3.29125824e+03, 3.32588214e+03,
        5.63830659e-02],
       [2.06196989e+03, 2.43770135e+03, 2.05319848e+03, 2.42004871e+03,
        2.14477944e+03, 2.37454315e+03, 2.15355085e+03, 2.39219580e+03,
        5.61796613e-02],
       [2.55956244e+03, 2.96884229e+03, 2.54884735e+03, 2.96905389e+03,
        2.54735980e+03, 2.89372217e+03, 2.55807489e+03, 2.89351056e+03,
        5.35591133e-02],
       [7.59863510e+01, 3.42172327e+03, 5.74532890e+01, 3.38468787e+03,
        4.05247131e+02, 3.21064673e+03, 4.23780212e+02, 3.24768213e+03,
        5.13797700e-02]]), array([[6.37826677e+03, 4.23501407e+03, 6.35344032e+03, 4.33453964e+03,
        6.18398634e+03, 4.29226971e+03, 6.20881279e+03, 4.19274414e+03,
        4.94507223e-01],
       [7.15157327e+03, 7.91946918e+03, 7.11492770e+03, 7.85183466e+03,
        7.25846362e+03, 7.77406439e+03, 7.29510913e+03, 7.84169891e+03,
        2.81726778e-01],
       [2.79059364e+03, 1.32160382e+03, 2.76718562e+03, 1.03242763e+03,
        3.18768933e+03, 9.98389023e+02, 3.21109729e+03, 1.28756525e+03,
        1.03525147e-01],
       [7.89482855e+03, 4.46022464e+03, 7.77775238e+03, 4.49400650e+03,
        7.72735114e+03, 4.31933328e+03, 7.84442731e+03, 4.28555142e+03,
        7.10683092e-02]]), array([[3.81332166e+03, 2.49267596e+03, 3.80657971e+03, ...,
        3.85563477e+03, 2.47596735e+03, 9.98969436e-01],
       [5.91625775e+03, 3.02564728e+03, 5.91305951e+03, ...,
        5.94998499e+03, 3.01894916e+03, 9.98677433e-01],
       [8.27259015e+03, 3.05923340e+03, 8.26647125e+03, ...,
        8.31256232e+03, 3.04480469e+03, 9.98633921e-01],
       ...,
       [4.88286649e+03, 7.61207343e+03, 4.87737503e+03, ...,
        4.87449600e+03, 7.59050653e+03, 5.00841066e-02],
       [6.90111690e+03, 7.05316971e+03, 6.88919621e+03, ...,
        6.90336980e+03, 7.03914432e+03, 5.00091612e-02],
       [6.95686838e+03, 9.09898444e+03, 6.94856979e+03, ...,
        6.96672079e+03, 9.08732623e+03, 5.00061028e-02]]), array([[6.63092938e+03, 1.96159717e+03, 6.61045056e+03, ...,
        6.61455255e+03, 1.89813080e+03, 9.96241808e-01],
       [5.36568546e+03, 5.44406677e+03, 5.36292661e+03, ...,
        5.29551434e+03, 5.43523560e+03, 9.96213734e-01],
       [6.71066302e+03, 3.97182996e+03, 6.71053510e+03, ...,
        6.63559412e+03, 3.97145001e+03, 9.95658398e-01],
       ...,
       [4.14072076e+03, 8.15212653e+03, 4.13894623e+03, ...,
        4.18965753e+03, 8.14806873e+03, 5.05321436e-02],
       [4.14216376e+03, 2.64121131e+03, 4.14094769e+03, ...,
        4.10284406e+03, 2.63851945e+03, 5.04038483e-02],
       [4.72415729e+03, 8.45225519e+03, 4.72191266e+03, ...,
        4.70345905e+03, 8.43790668e+03, 5.02766259e-02]]), array([[5.19582642e+03, 9.51642383e+03, 5.17069763e+03, ...,
        5.14123840e+03, 9.43918573e+03, 9.99668002e-01],
       [5.47444586e+03, 9.79825745e+03, 5.44724860e+03, ...,
        5.40694550e+03, 9.72714383e+03, 9.99497414e-01],
       [4.39996774e+03, 8.90611902e+03, 4.37125815e+03, ...,
        4.37394022e+03, 8.82607992e+03, 9.99407768e-01],
       ...,
       [7.89365900e+03, 9.88692004e+03, 7.87742511e+03, ...,
        7.91415936e+03, 9.85287826e+03, 5.05484939e-02],
       [2.09557416e+03, 5.08636804e+03, 2.09263446e+03, ...,
        2.12882208e+03, 5.07881830e+03, 5.04773185e-02],
       [4.90831427e+03, 8.83399553e+03, 4.89412079e+03, ...,
        4.86162775e+03, 8.77565440e+03, 5.04475422e-02]]), array([[6.83165250e+03, 2.56516150e+03, 6.82274069e+03, 2.52667877e+03,
        6.88356979e+03, 2.51259198e+03, 6.89248160e+03, 2.55107477e+03,
        2.62539655e-01],
       [5.54776865e+03, 3.61980914e+03, 5.54695663e+03, 3.58763257e+03,
        5.59255936e+03, 3.58648171e+03, 5.59337137e+03, 3.61865828e+03,
        1.36697575e-01],
       [9.90589825e+03, 9.73178472e+03, 9.90385345e+03, 9.75381546e+03,
        9.84816132e+03, 9.74864642e+03, 9.85020612e+03, 9.72661568e+03,
        8.55405033e-02],
       [1.49844790e+00, 5.65254326e+03, 1.49701452e+00, 5.63877361e+03,
        2.09862976e+01, 5.63877158e+03, 2.09877319e+01, 5.65254123e+03,
        7.54911453e-02],
       [1.47811304e+03, 4.80158997e+03, 1.44586731e+03, 4.80243372e+03,
        1.44363489e+03, 4.71711340e+03, 1.47588062e+03, 4.71626965e+03,
        5.92917390e-02],
       [2.56672290e+03, 6.03447853e+02, 2.44534827e+03, 6.64706604e+02,
        2.39825598e+03, 5.71400658e+02, 2.51963062e+03, 5.10141899e+02,
        5.83593324e-02],
       [8.85312946e+03, 3.04541290e+02, 8.83757318e+03, 2.76102814e+02,
        8.87888336e+03, 2.53505463e+02, 8.89443964e+03, 2.81943939e+02,
        5.28789163e-02],
       [7.02108264e-01, 5.66748603e+03, 9.65404630e-01, 5.65278367e+03,
        1.99958191e+01, 5.65312447e+03, 1.97325211e+01, 5.66782684e+03,
        5.17759919e-02]]), array([[2.55629965e+03, 5.66789062e+02, 2.42904739e+03, 6.32958618e+02,
        2.31304587e+03, 4.09873291e+02, 2.44029813e+03, 3.43703735e+02,
        8.28424454e-01],
       [1.75694110e+03, 1.15026575e+03, 1.63735760e+03, 8.04198669e+02,
        1.97053363e+03, 6.89069763e+02, 2.09011707e+03, 1.03513684e+03,
        5.26190817e-01],
       [7.89080951e+03, 4.45484100e+03, 7.77519489e+03, 4.48835718e+03,
        7.72862421e+03, 4.32771095e+03, 7.84423883e+03, 4.29419475e+03,
        4.29294527e-01],
       [5.74369463e+03, 1.71447198e+03, 5.72377530e+03, 1.72048138e+03,
        5.71180083e+03, 1.68078937e+03, 5.73172015e+03, 1.67477997e+03,
        1.47565573e-01]]), array([[6.04971252e+03, 1.92900043e+03, 6.04964380e+03, 1.86764990e+03,
        6.12115039e+03, 1.86756982e+03, 6.12121912e+03, 1.92892035e+03,
        9.68062282e-01],
       [8.84746277e+03, 4.60545923e+03, 8.84622070e+03, 4.57922461e+03,
        8.87352783e+03, 4.57793176e+03, 8.87476990e+03, 4.60416638e+03,
        8.32864940e-01],
       [9.95868893e+03, 5.19683910e+02, 9.95868411e+03, 5.12748603e+02,
        9.97899936e+03, 5.12734500e+02, 9.97900418e+03, 5.19669807e+02,
        7.89704263e-01],
       [4.10477312e+03, 4.15344331e+03, 4.09596872e+03, 4.15355392e+03,
        4.09569616e+03, 4.13185874e+03, 4.10450056e+03, 4.13174813e+03,
        7.70966649e-01],
       [6.89540271e+03, 5.73468140e+03, 6.89546561e+03, 5.69670715e+03,
        6.93155713e+03, 5.69676697e+03, 6.93149420e+03, 5.73474121e+03,
        7.28103518e-01],
       [5.75246413e+03, 4.26597827e+03, 5.71452990e+03, 4.26625806e+03,
        5.71424014e+03, 4.22696997e+03, 5.75217437e+03, 4.22669019e+03,
        5.94211817e-01],
       [5.25830908e+03, 6.44936694e+03, 5.24516858e+03, 6.44909924e+03,
        5.24544360e+03, 6.43560193e+03, 5.25858411e+03, 6.43586963e+03,
        5.75758755e-01],
       [4.50953033e+03, 2.04889631e+03, 4.50957074e+03, 2.05681215e+03,
        4.49496832e+03, 2.05688661e+03, 4.49492792e+03, 2.04897077e+03,
        5.70110202e-01],
       [8.74856595e+03, 8.12556152e+03, 8.74715591e+03, 8.13805359e+03,
        8.73391932e+03, 8.13655957e+03, 8.73532935e+03, 8.12406750e+03,
        5.52862585e-01],
       [2.05728911e+03, 2.66662903e+02, 2.04770628e+03, 2.66989868e+02,
        2.04696094e+03, 2.45147034e+02, 2.05654377e+03, 2.44820038e+02,
        4.54394847e-01],
       [9.40735078e+03, 4.07337433e+02, 9.40713353e+03, 3.91494598e+02,
        9.42279744e+03, 3.91279816e+02, 9.42301469e+03, 4.07122650e+02,
        4.22760725e-01],
       [7.15491864e+03, 5.12582229e+03, 7.15492169e+03, 5.12030318e+03,
        7.17610535e+03, 5.12031496e+03, 7.17610229e+03, 5.12583406e+03,
        4.19882506e-01],
       [8.09166956e+03, 1.05522875e+03, 8.09146021e+03, 1.10538320e+03,
        8.03844226e+03, 1.10516193e+03, 8.03865161e+03, 1.05500748e+03,
        3.55531752e-01],
       [3.63715308e+03, 7.78562982e+03, 3.63707898e+03, 7.80215788e+03,
        3.62095593e+03, 7.80208562e+03, 3.62103003e+03, 7.78555756e+03,
        3.35285157e-01],
       [5.12468727e+03, 6.33398706e+03, 5.11983226e+03, 6.33402991e+03,
        5.11968632e+03, 6.31750732e+03, 5.12454133e+03, 6.31746448e+03,
        3.25078934e-01],
       [7.81000232e+03, 3.45733887e+02, 7.79827124e+03, 3.46014038e+02,
        7.79795581e+03, 3.32805847e+02, 7.80968689e+03, 3.32525696e+02,
        3.22312206e-01],
       [6.39412555e+03, 2.22417450e+03, 6.38294888e+03, 2.22524200e+03,
        6.38174545e+03, 2.21264276e+03, 6.39292212e+03, 2.21157526e+03,
        3.21780890e-01],
       [1.40795016e+03, 5.73382161e+03, 1.40791422e+03, 5.71800670e+03,
        1.42359384e+03, 5.71797105e+03, 1.42362979e+03, 5.73378596e+03,
        3.20488721e-01],
       [5.80376239e+03, 4.24583850e+03, 5.80379706e+03, 4.28099658e+03,
        5.76954828e+03, 4.28103027e+03, 5.76951361e+03, 4.24587219e+03,
        2.92206645e-01],
       [4.36655267e+03, 1.03720642e+03, 4.35037555e+03, 1.03743054e+03,
        4.35013470e+03, 1.02004416e+03, 4.36631183e+03, 1.01982004e+03,
        2.56539106e-01],
       [6.38403059e+03, 2.22730798e+03, 6.37098183e+03, 2.22833325e+03,
        6.36989796e+03, 2.21453894e+03, 6.38294673e+03, 2.21351367e+03,
        2.07579166e-01],
       [9.14727988e+03, 7.06988147e+03, 9.12794620e+03, 7.06997717e+03,
        9.12783694e+03, 7.04789905e+03, 9.14717062e+03, 7.04780334e+03,
        2.00715959e-01],
       [2.04670349e+03, 1.66231683e+03, 2.04211755e+03, 1.66237018e+03,
        2.04191589e+03, 1.64502765e+03, 2.04650183e+03, 1.64497430e+03,
        1.93693951e-01],
       [5.40589679e+03, 7.69082899e+03, 5.40586719e+03, 7.68187556e+03,
        5.46133856e+03, 7.68169232e+03, 5.46136816e+03, 7.69064576e+03,
        1.85801268e-01],
       [1.37636716e+03, 6.49185321e+03, 1.35312149e+03, 6.49248834e+03,
        1.35243942e+03, 6.46752655e+03, 1.37568509e+03, 6.46689142e+03,
        1.85205251e-01],
       [5.50489612e+03, 4.67054041e+03, 5.49147070e+03, 4.67279175e+03,
        5.48899609e+03, 4.65803552e+03, 5.50242151e+03, 4.65578418e+03,
        1.82351157e-01],
       [5.31102631e+03, 1.36371979e+02, 5.29737982e+03, 1.40261383e+02,
        5.29300909e+03, 1.24926086e+02, 5.30665558e+03, 1.21036697e+02,
        1.57287851e-01],
       [5.64288457e+03, 4.60213983e+03, 5.63311750e+03, 4.60235077e+03,
        5.63276058e+03, 4.58582660e+03, 5.64252765e+03, 4.58561566e+03,
        1.47461489e-01],
       [6.39634300e+03, 2.23382568e+03, 6.38629390e+03, 2.23599207e+03,
        6.38371880e+03, 2.22404736e+03, 6.39376790e+03, 2.22188098e+03,
        1.46048754e-01],
       [3.59850983e+03, 6.82309526e+03, 3.59865460e+03, 6.81095988e+03,
        3.61106256e+03, 6.81110793e+03, 3.61091779e+03, 6.82324330e+03,
        1.43095762e-01],
       [6.38265654e+03, 2.27286456e+03, 6.37022374e+03, 2.27470709e+03,
        6.36821388e+03, 2.26114496e+03, 6.38064668e+03, 2.25930243e+03,
        1.42716065e-01],
       [7.46638513e+03, 8.65561646e+03, 7.44359302e+03, 8.66383044e+03,
        7.43543506e+03, 8.64119373e+03, 7.45822717e+03, 8.63297974e+03,
        1.39126405e-01],
       [9.96210936e+03, 6.28494131e+03, 9.94955672e+03, 6.28554517e+03,
        9.94894765e+03, 6.27288382e+03, 9.96150029e+03, 6.27227997e+03,
        1.36980593e-01],
       [7.88697394e+03, 9.14372366e+03, 7.88577972e+03, 9.16717441e+03,
        7.86242621e+03, 9.16598520e+03, 7.86362042e+03, 9.14253445e+03,
        1.22106619e-01],
       [4.61721161e+03, 5.48376025e+03, 4.60765779e+03, 5.48316620e+03,
        4.60843756e+03, 5.47062518e+03, 4.61799138e+03, 5.47121924e+03,
        1.09458946e-01],
       [6.40816287e+03, 2.22061316e+03, 6.39503104e+03, 2.22303589e+03,
        6.39238680e+03, 2.20870325e+03, 6.40551862e+03, 2.20628052e+03,
        1.09159574e-01],
       [6.38523199e+03, 2.23709595e+03, 6.37528091e+03, 2.23844971e+03,
        6.37366962e+03, 2.22660547e+03, 6.38362070e+03, 2.22525171e+03,
        1.08715177e-01],
       [5.24232279e+03, 6.44283600e+03, 5.23322775e+03, 6.44104016e+03,
        5.23617431e+03, 6.42611713e+03, 5.24526936e+03, 6.42791296e+03,
        1.04768127e-01],
       [4.05575549e+03, 4.93267450e+03, 4.04314825e+03, 4.93330573e+03,
        4.04237634e+03, 4.91789008e+03, 4.05498358e+03, 4.91725885e+03,
        1.02711484e-01],
       [8.11082910e+03, 1.14643121e+03, 8.07982764e+03, 1.14739594e+03,
        8.07878253e+03, 1.11380963e+03, 8.10978400e+03, 1.11284491e+03,
        9.98188630e-02],
       [4.89406232e+03, 5.90551129e+03, 4.89354175e+03, 5.91751300e+03,
        4.87993817e+03, 5.91692297e+03, 4.88045874e+03, 5.90492126e+03,
        9.37937573e-02],
       [9.94346437e+03, 3.99778479e+03, 9.93062474e+03, 3.99854059e+03,
        9.92956010e+03, 3.98045502e+03, 9.94239973e+03, 3.97969922e+03,
        9.18563530e-02],
       [6.38166121e+03, 2.31937091e+03, 6.36880669e+03, 2.32126764e+03,
        6.36671718e+03, 2.30710675e+03, 6.37957170e+03, 2.30521002e+03,
        8.98885727e-02],
       [6.35772609e+03, 2.23210767e+03, 6.35595396e+03, 2.22017566e+03,
        6.36805208e+03, 2.21837891e+03, 6.36982420e+03, 2.23031091e+03,
        8.94671381e-02],
       [5.11870264e+03, 9.40107208e+03, 5.10142554e+03, 9.40046136e+03,
        5.10341125e+03, 9.34428580e+03, 5.12068835e+03, 9.34489651e+03,
        8.92253816e-02],
       [9.94915775e+03, 6.29905194e+03, 9.93185873e+03, 6.29659500e+03,
        9.93464813e+03, 6.27695535e+03, 9.95194714e+03, 6.27941229e+03,
        8.59960169e-02],
       [8.47530615e+03, 6.50853027e+02, 8.46600244e+03, 6.55211304e+02,
        8.46042371e+03, 6.43302002e+02, 8.46972742e+03, 6.38943726e+02,
        8.09276029e-02],
       [9.56573651e+03, 6.96720288e+03, 9.53432013e+03, 6.96692651e+03,
        9.53458820e+03, 6.93646265e+03, 9.56600458e+03, 6.93673901e+03,
        8.05872828e-02],
       [6.39536220e+03, 2.32807001e+03, 6.38425398e+03, 2.32958197e+03,
        6.38161339e+03, 2.31018146e+03, 6.39272160e+03, 2.30866949e+03,
        7.10359812e-02],
       [5.96143787e+03, 3.11513740e+03, 5.94877747e+03, 3.11598991e+03,
        5.94792395e+03, 3.10331363e+03, 5.96058435e+03, 3.10246112e+03,
        6.91139773e-02],
       [6.34497910e+03, 2.23482202e+03, 6.34353110e+03, 2.22243506e+03,
        6.35724561e+03, 2.22083191e+03, 6.35869360e+03, 2.23321887e+03,
        6.79757223e-02],
       [4.89320282e+03, 5.93321945e+03, 4.87469305e+03, 5.93269028e+03,
        4.87518976e+03, 5.91531735e+03, 4.89369952e+03, 5.91584653e+03,
        6.76712170e-02],
       [8.69277130e+03, 5.30762137e+03, 8.65532208e+03, 5.30509753e+03,
        8.65781958e+03, 5.26803928e+03, 8.69526880e+03, 5.27056311e+03,
        6.59371391e-02],
       [4.63019296e+03, 8.79970749e+03, 4.60777069e+03, 8.79995148e+03,
        4.60694646e+03, 8.72420403e+03, 4.62936874e+03, 8.72396005e+03,
        6.55986741e-02],
       [6.36174532e+03, 2.24370459e+03, 6.34985088e+03, 2.24544226e+03,
        6.34809468e+03, 2.23342078e+03, 6.35998912e+03, 2.23168311e+03,
        6.48045167e-02],
       [2.21093889e+03, 4.85515198e+02, 2.19688203e+03, 4.86597412e+02,
        2.19551122e+03, 4.68791870e+02, 2.20956807e+03, 4.67709656e+02,
        5.99046052e-02],
       [3.93273425e+03, 1.92064893e+03, 3.89650586e+03, 1.94034155e+03,
        3.83286739e+03, 1.82326642e+03, 3.86909576e+03, 1.80357379e+03,
        5.98019399e-02],
       [7.59053113e+03, 2.18105505e+03, 7.58009290e+03, 2.18321936e+03,
        7.57748010e+03, 2.17061816e+03, 7.58791833e+03, 2.16845386e+03,
        5.95962219e-02],
       [7.67874286e+03, 9.21205273e+03, 7.66988177e+03, 9.21204053e+03,
        7.66993317e+03, 9.17478528e+03, 7.67879425e+03, 9.17479749e+03,
        5.86284809e-02],
       [9.24320592e+03, 6.65921288e+03, 9.24315529e+03, 6.68261406e+03,
        9.21661440e+03, 6.68255664e+03, 9.21666503e+03, 6.65915546e+03,
        5.77361360e-02],
       [5.31893848e+03, 6.48210440e+03, 5.31460095e+03, 6.49547354e+03,
        5.30081677e+03, 6.49100137e+03, 5.30515430e+03, 6.47763223e+03,
        5.66865504e-02],
       [8.03340991e+03, 1.04837665e+03, 8.03284875e+03, 1.08228741e+03,
        7.99980322e+03, 1.08174066e+03, 8.00036438e+03, 1.04782990e+03,
        5.48476689e-02],
       [6.41112576e+03, 2.23272980e+03, 6.40077579e+03, 2.23501740e+03,
        6.39756387e+03, 2.22048529e+03, 6.40791385e+03, 2.21819769e+03,
        5.38511835e-02],
       [4.87142596e+03, 9.01016412e+03, 4.87063580e+03, 9.03499097e+03,
        4.84741803e+03, 9.03425201e+03, 4.84820819e+03, 9.00942517e+03,
        5.37379645e-02],
       [6.61563885e+03, 4.16758301e+02, 6.58758673e+03, 4.17015686e+02,
        6.58728802e+03, 3.84459229e+02, 6.61534015e+03, 3.84201843e+02,
        5.31450883e-02],
       [4.45865350e+03, 6.16836159e+03, 4.45444989e+03, 6.15455160e+03,
        4.47274371e+03, 6.14898311e+03, 4.47694733e+03, 6.16279310e+03,
        5.18908724e-02],
       [5.30458441e+03, 6.47376526e+03, 5.30023529e+03, 6.48670544e+03,
        5.28586749e+03, 6.48187659e+03, 5.29021661e+03, 6.46893640e+03,
        5.17032631e-02],
       [5.45204834e+03, 7.66753070e+03, 5.45205237e+03, 7.67917047e+03,
        5.42649451e+03, 7.67917926e+03, 5.42649048e+03, 7.66753949e+03,
        5.11088893e-02],
       [4.86863300e+03, 5.90899030e+03, 4.86660992e+03, 5.92361469e+03,
        4.85082001e+03, 5.92143036e+03, 4.85284308e+03, 5.90680597e+03,
        5.07895648e-02]]), array([[7.88923474e+03, 4.45345905e+03, 7.77486338e+03, 4.48872406e+03,
        7.72548316e+03, 4.32857428e+03, 7.83985452e+03, 4.29330927e+03,
        5.52178264e-01],
       [1.78854419e+03, 1.16511475e+03, 1.63119385e+03, 8.06607849e+02,
        1.94534924e+03, 6.68723694e+02, 2.10269958e+03, 1.02723071e+03,
        2.74532557e-01],
       [7.13151941e+03, 8.53879346e+03, 7.02756958e+03, 8.48466748e+03,
        7.14728497e+03, 8.25475227e+03, 7.25123474e+03, 8.30887824e+03,
        1.41603529e-01],
       [2.53522675e+03, 5.23344299e+02, 2.41488275e+03, 5.89562073e+02,
        2.31459479e+03, 4.07299072e+02, 2.43493878e+03, 3.41081299e+02,
        9.49125588e-02],
       [2.44471970e+03, 6.69184464e+02, 2.39805374e+03, 5.71165524e+02,
        2.52341287e+03, 5.11483150e+02, 2.57007880e+03, 6.09502090e+02,
        7.51934499e-02]]), array([[6.78273224e+02, 8.02972076e+03, 5.97278862e+02, 8.03231464e+03,
        5.90600182e+02, 7.82377118e+03, 6.71594543e+02, 7.82117731e+03,
        2.65621156e-01],
       [5.83473953e+02, 7.99118661e+03, 5.10647388e+02, 7.99260855e+03,
        5.07992229e+02, 7.85662015e+03, 5.80818802e+02, 7.85519821e+03,
        1.30739942e-01],
       [5.54030072e+03, 2.96252777e+03, 5.53164233e+03, 2.85743756e+03,
        5.63380402e+03, 2.84902045e+03, 5.64246234e+03, 2.95411066e+03,
        1.26621768e-01],
       [7.88365961e+03, 9.16566943e+03, 7.86136017e+03, 9.16433044e+03,
        7.86270502e+03, 9.14193323e+03, 7.88500446e+03, 9.14327222e+03,
        8.13644677e-02],
       [5.84602380e+03, 4.36741928e+03, 5.83324402e+03, 4.36758914e+03,
        5.83306104e+03, 4.35382687e+03, 5.84584082e+03, 4.35365701e+03,
        7.63989240e-02]]), array([[ 3.52946826e+03,  6.46899240e+03,  3.51300110e+03,
         6.44109433e+03,  3.58238092e+03,  6.40014200e+03,
         3.59884814e+03,  6.42804007e+03,  9.22772348e-01],
       [ 3.50291901e+03,  6.41770593e+03,  3.48885626e+03,
         6.39266356e+03,  3.58259363e+03,  6.34002460e+03,
         3.59665637e+03,  6.36506699e+03,  5.07004678e-01],
       [ 4.33779034e+03,  8.80839166e+03,  4.32526215e+03,
         8.81215485e+03,  4.27616559e+03,  8.64870526e+03,
         4.28869379e+03,  8.64494208e+03,  3.97216529e-01],
       [ 1.97706345e+02,  6.70317493e+03,  1.62111404e+02,
         6.70283382e+03,  1.62560440e+02,  6.65597624e+03,
         1.98155380e+02,  6.65631736e+03,  2.96728790e-01],
       [ 6.70133087e+02,  6.65626864e+03,  6.68368347e+02,
         6.69994854e+03,  6.35064575e+02,  6.69860301e+03,
         6.36829315e+02,  6.65492312e+03,  2.62499601e-01],
       [ 4.09253040e+03,  3.08311697e+03,  4.09253455e+03,
         3.10206010e+03,  4.01477393e+03,  3.10207735e+03,
         4.01476978e+03,  3.08313421e+03,  2.53341109e-01],
       [ 1.95683606e+03,  3.62347803e+03,  1.94559625e+03,
         3.56786029e+03,  2.59280164e+03,  3.43706677e+03,
         2.60404138e+03,  3.49268457e+03,  2.22708717e-01],
       [ 9.13192114e+03,  4.13057703e+03,  9.12650891e+03,
         4.11464746e+03,  9.14810168e+03,  4.10731116e+03,
         9.15351392e+03,  4.12324072e+03,  1.99809670e-01],
       [ 4.36011737e+03,  8.53896899e+03,  4.35171027e+03,
         8.51427856e+03,  4.39720685e+03,  8.49878699e+03,
         4.40561395e+03,  8.52347742e+03,  1.77900285e-01],
       [ 6.58873071e+03,  4.09969858e+03,  6.58838879e+03,
         4.11465469e+03,  6.54165393e+03,  4.11358634e+03,
         6.54199585e+03,  4.09863024e+03,  1.59662396e-01],
       [ 7.98623792e+03,  7.24466003e+02,  7.97417871e+03,
         7.06331360e+02,  7.99551453e+03,  6.92143494e+02,
         8.00757373e+03,  7.10278137e+02,  1.42127752e-01],
       [ 6.74983994e+02,  6.69597194e+03,  6.65335129e+02,
         6.69604268e+03,  6.65065414e+02,  6.65925360e+03,
         6.74714279e+02,  6.65918287e+03,  1.40097663e-01],
       [ 2.07287238e+03,  1.10983795e+03,  2.05000611e+03,
         1.12037408e+03,  2.04292066e+03,  1.10499664e+03,
         2.06578693e+03,  1.09446051e+03,  1.31412894e-01],
       [ 4.39070160e+03,  8.16919366e+03,  4.37971783e+03,
         8.13125067e+03,  4.44903986e+03,  8.11118329e+03,
         4.46002362e+03,  8.14912628e+03,  1.29038721e-01],
       [ 1.17311783e+03,  7.07396777e+03,  1.17085825e+03,
         7.03818512e+03,  1.22529370e+03,  7.03474768e+03,
         1.22755328e+03,  7.07053033e+03,  1.27462029e-01],
       [ 4.28180237e+02,  7.26060712e+03,  4.06986938e+02,
         7.25973224e+03,  4.09508667e+02,  7.19864667e+03,
         4.30701965e+02,  7.19952155e+03,  1.08743265e-01],
       [ 1.16039801e+03,  6.36395253e+03,  1.13929828e+03,
         6.36353389e+03,  1.14089838e+03,  6.28288948e+03,
         1.16199811e+03,  6.28330812e+03,  1.06571116e-01],
       [ 4.57013049e+03,  6.54677240e+03,  4.50012280e+03,
         6.49624384e+03,  4.59224005e+03,  6.36861456e+03,
         4.66224780e+03,  6.41914313e+03,  1.05294243e-01],
       [ 4.91720209e+03,  9.21311566e+03,  4.89870441e+03,
         9.23694092e+03,  4.86113519e+03,  9.20777252e+03,
         4.87963287e+03,  9.18394720e+03,  1.01919524e-01],
       [ 3.51047325e+00,  8.71559979e+03,  3.16680908e+00,
         8.70462611e+03,  2.86321049e+01,  8.70382862e+03,
         2.89757671e+01,  8.71480229e+03,  9.93250534e-02],
       [ 1.92768695e+03,  3.60330872e+03,  1.92306720e+03,
         3.57847302e+03,  2.04777264e+03,  3.55527631e+03,
         2.05239233e+03,  3.58011200e+03,  9.56925377e-02],
       [ 7.45917419e+02,  7.14887195e+03,  7.45755554e+02,
         7.16905933e+03,  4.50290100e+02,  7.16669031e+03,
         4.50451965e+02,  7.14650293e+03,  9.34635326e-02],
       [ 1.59917170e+03,  5.04248688e+02,  1.57173793e+03,
         4.56079498e+02,  1.61398364e+03,  4.32019318e+02,
         1.64141740e+03,  4.80188507e+02,  9.13390815e-02],
       [ 9.46580994e+02,  5.22190455e+03,  9.26341125e+02,
         5.23308677e+03,  9.09424133e+02,  5.20246684e+03,
         9.29664001e+02,  5.19128461e+03,  8.76194239e-02],
       [ 4.19853723e+03,  9.07617761e+03,  4.18032214e+03,
         9.13756970e+03,  2.95823350e+03,  8.77497253e+03,
         2.97644869e+03,  8.71358044e+03,  8.28753933e-02],
       [ 4.12691174e+03,  3.14608527e+03,  4.10594788e+03,
         3.22923822e+03,  2.98955252e+03,  2.94778156e+03,
         3.01051639e+03,  2.86462854e+03,  8.16872716e-02],
       [ 1.28126517e+03,  6.69786504e+03,  1.26545135e+03,
         6.69783960e+03,  1.26550333e+03,  6.66553338e+03,
         1.28131714e+03,  6.66555882e+03,  8.09036344e-02],
       [ 7.70040644e+03,  4.65761185e-01,  7.69974784e+03,
         2.08503036e+01,  7.68179121e+03,  2.02701454e+01,
         7.68244981e+03, -1.14397049e-01,  6.48493692e-02],
       [ 1.02174390e+03,  4.62149864e+03,  1.01245483e+03,
         4.63514641e+03,  9.88151978e+02,  4.61860508e+03,
         9.97441040e+02,  4.60495731e+03,  6.36106730e-02],
       [ 1.79990359e+03,  2.58571387e+03,  1.78287180e+03,
         2.54854132e+03,  1.88688895e+03,  2.50088251e+03,
         1.90392075e+03,  2.53805499e+03,  6.21253289e-02],
       [ 4.05683264e+03,  1.61790619e+03,  4.05084290e+03,
         1.60336334e+03,  4.09415186e+03,  1.58552557e+03,
         4.10014160e+03,  1.60006842e+03,  6.04605749e-02]]), array([[9.50854266e+03, 5.93751520e+03, 9.50800360e+03, ...,
        9.63828839e+03, 5.93682574e+03, 9.88491774e-01],
       [9.23564166e+03, 6.45739795e+03, 9.21277060e+03, ...,
        9.36482074e+03, 6.42581732e+03, 9.83103037e-01],
       [8.37301408e+03, 6.62389395e+03, 8.29476530e+03, ...,
        8.33189165e+03, 6.47843240e+03, 9.80677009e-01],
       ...,
       [8.60248157e+03, 2.90741119e+02, 8.59513879e+03, ...,
        8.59237183e+03, 2.76198944e+02, 5.16412221e-02],
       [4.01621094e+03, 6.96733911e+03, 3.97775977e+03, ...,
        3.95244031e+03, 6.91253503e+03, 5.15554585e-02],
       [8.00839325e+03, 4.83689636e+03, 7.99528009e+03, ...,
        8.06486566e+03, 4.82205164e+03, 5.01080453e-02]]), array([[2.83626147e+03, 8.19243640e+03, 2.83575720e+03, 8.16079236e+03,
        2.86956140e+03, 8.16025366e+03, 2.87006567e+03, 8.19189771e+03,
        7.47384354e-02],
       [6.86877052e+03, 1.53329834e+03, 6.86895811e+03, 1.52031128e+03,
        6.92112082e+03, 1.52106470e+03, 6.92093320e+03, 1.53405176e+03,
        5.15917428e-02]]), array([[4.42803812e+03, 6.17530859e+03, 4.41115866e+03, 6.19735962e+03,
        4.33048160e+03, 6.13560361e+03, 4.34736102e+03, 6.11355258e+03,
        6.12418279e-02]])]